. Sequence file : [C:\Users\thsch\AppData\Local\Temp\seaview_tmp5.phy]

. Model of nucleotides substitution : GTR

. Initial tree : [BioNJ]


. Data	Nb of 	Likelihood	Discrete   	Number of 	Gamma shape	Proportion of	Nucleotides frequencies               	Instantaneous rate matrix              	
  set	taxa	loglk     	gamma model	categories	parameter  	invariant    	f(A)      f(C)      f(G)      f(T)    	[A---------C---------G---------T------]	

  #1	28   	-32251.77773	Yes        	4        	0.017    	0.000    	 0.18945   0.26314   0.24528   0.30213	-1.23362   0.19972   0.92733   0.10657  
      	     	          	           	          	           	             	                                      	 0.14379  -0.97948   0.17840   0.65729  
      	     	          	           	          	           	             	                                      	 0.71625   0.19139  -1.09677   0.18913  
      	     	          	           	          	           	             	                                      	 0.06682   0.57247   0.15354  -0.79283  

  #2	28   	-30996.97151	Yes        	4        	0.017    	0.000    	 0.19576   0.26059   0.24069   0.30296	-1.18647   0.18625   0.83869   0.16152  
      	     	          	           	          	           	             	                                      	 0.13991  -0.99321   0.16802   0.68527  
      	     	          	           	          	           	             	                                      	 0.68210   0.18192  -1.05256   0.18854  
      	     	          	           	          	           	             	                                      	 0.10437   0.58944   0.14979  -0.84360  

  #3	28   	-30896.67158	Yes        	4        	0.021    	0.000    	 0.19688   0.25818   0.24112   0.30382	-1.23034   0.21018   0.90030   0.11986  
      	     	          	           	          	           	             	                                      	 0.16028  -0.99984   0.17340   0.66615  
      	     	          	           	          	           	             	                                      	 0.73513   0.18567  -1.09088   0.17008  
      	     	          	           	          	           	             	                                      	 0.07767   0.56609   0.13498  -0.77874  

  #4	28   	-31082.86619	Yes        	4        	0.017    	0.000    	 0.19915   0.24866   0.25083   0.30135	-1.12161   0.18066   0.79740   0.14355  
      	     	          	           	          	           	             	                                      	 0.14469  -1.08339   0.16316   0.77554  
      	     	          	           	          	           	             	                                      	 0.63311   0.16175  -0.96711   0.17224  
      	     	          	           	          	           	             	                                      	 0.09487   0.63996   0.14337  -0.87820  

  #5	28   	-31394.72256	Yes        	4        	0.021    	0.000    	 0.19961   0.26186   0.24136   0.29717	-1.20968   0.16886   0.91811   0.12272  
      	     	          	           	          	           	             	                                      	 0.12872  -0.97718   0.13735   0.71112  
      	     	          	           	          	           	             	                                      	 0.75928   0.14901  -1.05892   0.15064  
      	     	          	           	          	           	             	                                      	 0.08243   0.62663   0.12235  -0.83141  

  #6	28   	-31366.55212	Yes        	4        	0.017    	0.000    	 0.19382   0.25052   0.25177   0.30389	-1.25386   0.15967   0.96990   0.12428  
      	     	          	           	          	           	             	                                      	 0.12354  -0.98791   0.16002   0.70435  
      	     	          	           	          	           	             	                                      	 0.74667   0.15923  -1.06649   0.16059  
      	     	          	           	          	           	             	                                      	 0.07927   0.58066   0.13304  -0.79297  

  #7	28   	-31246.24869	Yes        	4        	0.017    	0.000    	 0.19507   0.25917   0.24119   0.30456	-1.24207   0.18114   0.92298   0.13795  
      	     	          	           	          	           	             	                                      	 0.13634  -0.95936   0.13700   0.68602  
      	     	          	           	          	           	             	                                      	 0.74649   0.14721  -1.07778   0.18408  
      	     	          	           	          	           	             	                                      	 0.08836   0.58379   0.14578  -0.81793  

  #8	28   	-31422.01825	Yes        	4        	0.017    	0.000    	 0.19938   0.25617   0.24224   0.30221	-1.24512   0.17789   0.93648   0.13074  
      	     	          	           	          	           	             	                                      	 0.13846  -0.96255   0.18101   0.64308  
      	     	          	           	          	           	             	                                      	 0.77078   0.19142  -1.12996   0.16777  
      	     	          	           	          	           	             	                                      	 0.08626   0.54512   0.13448  -0.76585  

  #9	28   	-31650.23936	Yes        	4        	0.021    	0.000    	 0.20018   0.26010   0.24272   0.29701	-1.12140   0.13266   0.85817   0.13057  
      	     	          	           	          	           	             	                                      	 0.10210  -0.98259   0.16923   0.71126  
      	     	          	           	          	           	             	                                      	 0.70775   0.18135  -1.08071   0.19161  
      	     	          	           	          	           	             	                                      	 0.08800   0.62288   0.15659  -0.86747  

  #10	28   	-31480.19837	Yes        	4        	0.017    	0.000    	 0.19587   0.25831   0.24702   0.29880	-1.22567   0.18288   0.90695   0.13584  
      	     	          	           	          	           	             	                                      	 0.13868  -0.98030   0.17570   0.66592  
      	     	          	           	          	           	             	                                      	 0.71917   0.18374  -1.07506   0.17214  
      	     	          	           	          	           	             	                                      	 0.08905   0.57569   0.14231  -0.80705  

  #11	28   	-31129.72647	Yes        	4        	0.017    	0.000    	 0.20151   0.25889   0.23946   0.30014	-1.14139   0.15109   0.84937   0.14093  
      	     	          	           	          	           	             	                                      	 0.11760  -0.99761   0.14067   0.73934  
      	     	          	           	          	           	             	                                      	 0.71478   0.15209  -1.04298   0.17611  
      	     	          	           	          	           	             	                                      	 0.09462   0.63773   0.14050  -0.87285  

  #12	28   	-30937.97512	Yes        	4        	0.017    	0.000    	 0.20009   0.26009   0.24560   0.29421	-1.15291   0.18350   0.86272   0.10669  
      	     	          	           	          	           	             	                                      	 0.14117  -1.02383   0.17165   0.71102  
      	     	          	           	          	           	             	                                      	 0.70286   0.18177  -1.04643   0.16179  
      	     	          	           	          	           	             	                                      	 0.07256   0.62856   0.13506  -0.83618  

  #13	28   	-31916.37486	Yes        	4        	0.017    	0.000    	 0.19877   0.25654   0.24752   0.29717	-1.25697   0.17690   0.97232   0.10776  
      	     	          	           	          	           	             	                                      	 0.13707  -0.95135   0.11745   0.69684  
      	     	          	           	          	           	             	                                      	 0.78082   0.12173  -1.06922   0.16667  
      	     	          	           	          	           	             	                                      	 0.07208   0.60156   0.13882  -0.81246  

  #14	28   	-31840.93913	Yes        	4        	0.021    	0.000    	 0.20006   0.24885   0.24504   0.30605	-1.27143   0.17761   0.95997   0.13385  
      	     	          	           	          	           	             	                                      	 0.14279  -0.90036   0.18444   0.57313  
      	     	          	           	          	           	             	                                      	 0.78377   0.18731  -1.20416   0.23309  
      	     	          	           	          	           	             	                                      	 0.08750   0.46600   0.18662  -0.74012  

  #15	28   	-32400.89264	Yes        	4        	0.017    	0.000    	 0.19764   0.26023   0.24582   0.29631	-1.16747   0.17628   0.85300   0.13820  
      	     	          	           	          	           	             	                                      	 0.13388  -1.01991   0.16349   0.72254  
      	     	          	           	          	           	             	                                      	 0.68582   0.17307  -1.01628   0.15739  
      	     	          	           	          	           	             	                                      	 0.09218   0.63456   0.13057  -0.85730  

  #16	28   	-31287.64721	Yes        	4        	0.021    	0.000    	 0.19916   0.25432   0.24871   0.29781	-1.20037   0.19243   0.88130   0.12664  
      	     	          	           	          	           	             	                                      	 0.15069  -1.00031   0.16893   0.68069  
      	     	          	           	          	           	             	                                      	 0.70573   0.17274  -1.05882   0.18035  
      	     	          	           	          	           	             	                                      	 0.08469   0.58130   0.15062  -0.81661  

  #17	28   	-31175.29448	Yes        	4        	0.017    	0.000    	 0.19485   0.26383   0.23940   0.30193	-1.16485   0.19678   0.86461   0.10346  
      	     	          	           	          	           	             	                                      	 0.14532  -1.03831   0.18162   0.71137  
      	     	          	           	          	           	             	                                      	 0.70371   0.20015  -1.06025   0.15638  
      	     	          	           	          	           	             	                                      	 0.06677   0.62161   0.12399  -0.81237  

  #18	28   	-31267.62158	Yes        	4        	0.017    	0.000    	 0.19208   0.25996   0.24664   0.30132	-1.25530   0.17818   0.92659   0.15053  
      	     	          	           	          	           	             	                                      	 0.13166  -0.98190   0.17877   0.67148  
      	     	          	           	          	           	             	                                      	 0.72163   0.18842  -1.06351   0.15346  
      	     	          	           	          	           	             	                                      	 0.09596   0.57931   0.12561  -0.80089  

  #19	28   	-31590.01057	Yes        	4        	0.021    	0.000    	 0.20170   0.26434   0.23562   0.29833	-1.18806   0.18598   0.87706   0.12502  
      	     	          	           	          	           	             	                                      	 0.14191  -0.97076   0.13295   0.69590  
      	     	          	           	          	           	             	                                      	 0.75079   0.14915  -1.07508   0.17515  
      	     	          	           	          	           	             	                                      	 0.08453   0.61661   0.13833  -0.83947  

  #20	28   	-32114.71660	Yes        	4        	0.017    	0.000    	 0.19810   0.25568   0.24450   0.30172	-1.23298   0.20424   0.91022   0.11852  
      	     	          	           	          	           	             	                                      	 0.15825  -1.01353   0.14715   0.70814  
      	     	          	           	          	           	             	                                      	 0.73748   0.15388  -1.04297   0.15161  
      	     	          	           	          	           	             	                                      	 0.07781   0.60007   0.12286  -0.80075  

  #21	28   	-31521.07802	Yes        	4        	0.021    	0.000    	 0.20016   0.25170   0.24370   0.30443	-1.17783   0.15982   0.87923   0.13878  
      	     	          	           	          	           	             	                                      	 0.12710  -1.03104   0.15046   0.75348  
      	     	          	           	          	           	             	                                      	 0.72217   0.15541  -1.02822   0.15065  
      	     	          	           	          	           	             	                                      	 0.09125   0.62297   0.12059  -0.83482  

  #22	28   	-31726.74597	Yes        	4        	0.021    	0.000    	 0.19976   0.25531   0.24291   0.30202	-1.18206   0.16372   0.87847   0.13986  
      	     	          	           	          	           	             	                                      	 0.12810  -1.01674   0.16327   0.72538  
      	     	          	           	          	           	             	                                      	 0.72240   0.17160  -1.04631   0.15231  
      	     	          	           	          	           	             	                                      	 0.09250   0.61318   0.12250  -0.82819  

  #23	28   	-31796.49827	Yes        	4        	0.017    	0.000    	 0.19206   0.26260   0.24638   0.29896	-1.24595   0.20615   0.87676   0.16305  
      	     	          	           	          	           	             	                                      	 0.15077  -0.98263   0.17271   0.65915  
      	     	          	           	          	           	             	                                      	 0.68345   0.18408  -1.03903   0.17150  
      	     	          	           	          	           	             	                                      	 0.10475   0.57899   0.14134  -0.82508  

  #24	28   	-31178.87316	Yes        	4        	0.017    	0.000    	 0.19904   0.25208   0.24126   0.30763	-1.23103   0.12391   0.98307   0.12405  
      	     	          	           	          	           	             	                                      	 0.09784  -0.94579   0.16541   0.68254  
      	     	          	           	          	           	             	                                      	 0.81104   0.17283  -1.15476   0.17089  
      	     	          	           	          	           	             	                                      	 0.08026   0.55930   0.13402  -0.77358  

  #25	28   	-30902.05525	Yes        	4        	0.017    	0.000    	 0.19288   0.25745   0.24782   0.30185	-1.26070   0.21774   0.95022   0.09274  
      	     	          	           	          	           	             	                                      	 0.16313  -1.02856   0.17159   0.69384  
      	     	          	           	          	           	             	                                      	 0.73959   0.17826  -1.05515   0.13730  
      	     	          	           	          	           	             	                                      	 0.05926   0.59179   0.11273  -0.76377  

  #26	28   	-31226.15894	Yes        	4        	0.017    	0.000    	 0.19625   0.25928   0.24246   0.30201	-1.22558   0.13626   0.95969   0.12962  
      	     	          	           	          	           	             	                                      	 0.10313  -0.93063   0.16699   0.66050  
      	     	          	           	          	           	             	                                      	 0.77679   0.17858  -1.14066   0.18529  
      	     	          	           	          	           	             	                                      	 0.08423   0.56707   0.14875  -0.80005  

  #27	28   	-31409.51882	Yes        	4        	0.017    	0.000    	 0.19978   0.25630   0.24517   0.29875	-1.23949   0.20885   0.94309   0.08754  
      	     	          	           	          	           	             	                                      	 0.16279  -0.96441   0.12942   0.67220  
      	     	          	           	          	           	             	                                      	 0.76850   0.13529  -1.09516   0.19137  
      	     	          	           	          	           	             	                                      	 0.05854   0.57670   0.15705  -0.79229  

  #28	28   	-30708.73938	Yes        	4        	0.017    	0.000    	 0.19955   0.25115   0.24399   0.30531	-1.24637   0.17229   0.94926   0.12482  
      	     	          	           	          	           	             	                                      	 0.13689  -1.00161   0.16504   0.69968  
      	     	          	           	          	           	             	                                      	 0.77635   0.16988  -1.08607   0.13983  
      	     	          	           	          	           	             	                                      	 0.08158   0.57555   0.11174  -0.76887  

  #29	28   	-31885.66937	Yes        	4        	0.021    	0.000    	 0.20000   0.25869   0.24266   0.29865	-1.20172   0.15153   0.89898   0.15122  
      	     	          	           	          	           	             	                                      	 0.11715  -0.92728   0.14836   0.66177  
      	     	          	           	          	           	             	                                      	 0.74096   0.15817  -1.10549   0.20636  
      	     	          	           	          	           	             	                                      	 0.10127   0.57324   0.16767  -0.84218  

  #30	28   	-31445.82964	Yes        	4        	0.017    	0.000    	 0.19765   0.25944   0.24224   0.30067	-1.22291   0.14403   0.95025   0.12864  
      	     	          	           	          	           	             	                                      	 0.10973  -0.94284   0.12235   0.71076  
      	     	          	           	          	           	             	                                      	 0.77535   0.13104  -1.08038   0.17400  
      	     	          	           	          	           	             	                                      	 0.08456   0.61328   0.14018  -0.83802  

  #31	28   	-31067.16232	Yes        	4        	0.017    	0.000    	 0.19698   0.26457   0.24116   0.29729	-1.16255   0.16659   0.87387   0.12209  
      	     	          	           	          	           	             	                                      	 0.12404  -0.99061   0.16006   0.70651  
      	     	          	           	          	           	             	                                      	 0.71380   0.17560  -1.06244   0.17305  
      	     	          	           	          	           	             	                                      	 0.08089   0.62874   0.14037  -0.85000  

  #32	28   	-31485.73916	Yes        	4        	0.021    	0.000    	 0.19731   0.25655   0.24687   0.29927	-1.25392   0.19082   0.93395   0.12915  
      	     	          	           	          	           	             	                                      	 0.14676  -0.95315   0.11876   0.68764  
      	     	          	           	          	           	             	                                      	 0.74645   0.12342  -1.05501   0.18515  
      	     	          	           	          	           	             	                                      	 0.08515   0.58949   0.15273  -0.82737  

  #33	28   	-31227.98448	Yes        	4        	0.017    	0.000    	 0.19210   0.25790   0.24643   0.30357	-1.24186   0.23480   0.89444   0.11261  
      	     	          	           	          	           	             	                                      	 0.17490  -1.04655   0.16534   0.70631  
      	     	          	           	          	           	             	                                      	 0.69726   0.17304  -1.01896   0.14866  
      	     	          	           	          	           	             	                                      	 0.07126   0.60007   0.12068  -0.79201  

  #34	28   	-31805.53028	Yes        	4        	0.017    	0.000    	 0.19774   0.25845   0.24160   0.30221	-1.25168   0.21356   0.89655   0.14158  
      	     	          	           	          	           	             	                                      	 0.16339  -0.99964   0.13621   0.70003  
      	     	          	           	          	           	             	                                      	 0.73380   0.14571  -1.03003   0.15052  
      	     	          	           	          	           	             	                                      	 0.09263   0.59866   0.12033  -0.81162  

  #35	28   	-31726.73244	Yes        	4        	0.017    	0.000    	 0.19526   0.26500   0.24017   0.29957	-1.13933   0.14839   0.84911   0.14183  
      	     	          	           	          	           	             	                                      	 0.10934  -0.97130   0.17215   0.68981  
      	     	          	           	          	           	             	                                      	 0.69034   0.18995  -1.08477   0.20448  
      	     	          	           	          	           	             	                                      	 0.09245   0.61022   0.16394  -0.86661  

  #36	28   	-31367.63343	Yes        	4        	0.021    	0.000    	 0.19396   0.25871   0.24123   0.30611	-1.31879   0.19823   0.95692   0.16363  
      	     	          	           	          	           	             	                                      	 0.14862  -0.97256   0.16029   0.66364  
      	     	          	           	          	           	             	                                      	 0.76943   0.17191  -1.07005   0.12871  
      	     	          	           	          	           	             	                                      	 0.10369   0.56088   0.10143  -0.76599  

  #37	28   	-31854.99617	Yes        	4        	0.017    	0.000    	 0.19123   0.26258   0.24000   0.30619	-1.25143   0.20364   0.89030   0.15749  
      	     	          	           	          	           	             	                                      	 0.14830  -1.01088   0.14742   0.71516  
      	     	          	           	          	           	             	                                      	 0.70936   0.16129  -1.01312   0.14247  
      	     	          	           	          	           	             	                                      	 0.09836   0.61332   0.11168  -0.82336  

  #38	28   	-31699.37557	Yes        	4        	0.017    	0.000    	 0.19919   0.25749   0.24201   0.30132	-1.21413   0.17209   0.88725   0.15479  
      	     	          	           	          	           	             	                                      	 0.13312  -0.96464   0.15381   0.67771  
      	     	          	           	          	           	             	                                      	 0.73026   0.16365  -1.07596   0.18205  
      	     	          	           	          	           	             	                                      	 0.10232   0.57912   0.14621  -0.82766  

  #39	28   	-31673.28615	Yes        	4        	0.017    	0.000    	 0.19852   0.25335   0.24480   0.30333	-1.23900   0.15460   0.92646   0.15794  
      	     	          	           	          	           	             	                                      	 0.12115  -0.94507   0.16808   0.65584  
      	     	          	           	          	           	             	                                      	 0.75134   0.17396  -1.11029   0.18500  
      	     	          	           	          	           	             	                                      	 0.10337   0.54778   0.14930  -0.80045  

  #40	28   	-31901.31177	Yes        	4        	0.017    	0.000    	 0.19734   0.26127   0.24516   0.29624	-1.23208   0.17143   0.93871   0.12193  
      	     	          	           	          	           	             	                                      	 0.12948  -0.95908   0.17245   0.65716  
      	     	          	           	          	           	             	                                      	 0.75560   0.18378  -1.10303   0.16365  
      	     	          	           	          	           	             	                                      	 0.08122   0.57957   0.13543  -0.79623  

  #41	28   	-31685.44790	Yes        	4        	0.017    	0.000    	 0.19757   0.25929   0.24118   0.30195	-1.23059   0.15976   0.91466   0.15617  
      	     	          	           	          	           	             	                                      	 0.12173  -0.98106   0.17005   0.68928  
      	     	          	           	          	           	             	                                      	 0.74927   0.18282  -1.07328   0.14119  
      	     	          	           	          	           	             	                                      	 0.10218   0.59190   0.11277  -0.80685  

  #42	28   	-31272.34543	Yes        	4        	0.017    	0.000    	 0.20131   0.25479   0.23598   0.30792	-1.14963   0.19176   0.86300   0.09488  
      	     	          	           	          	           	             	                                      	 0.15150  -1.05993   0.17879   0.72963  
      	     	          	           	          	           	             	                                      	 0.73622   0.19305  -1.08650   0.15724  
      	     	          	           	          	           	             	                                      	 0.06203   0.60375   0.12050  -0.78629  

  #43	28   	-31609.31723	Yes        	4        	0.017    	0.000    	 0.19623   0.26383   0.23918   0.30076	-1.33185   0.19275   1.00312   0.13599  
      	     	          	           	          	           	             	                                      	 0.14336  -0.91963   0.14709   0.62919  
      	     	          	           	          	           	             	                                      	 0.82299   0.16225  -1.12673   0.14149  
      	     	          	           	          	           	             	                                      	 0.08873   0.55195   0.11252  -0.75320  

  #44	28   	-31109.58633	Yes        	4        	0.017    	0.000    	 0.19601   0.26169   0.24701   0.29529	-1.26386   0.17790   0.92631   0.15966  
      	     	          	           	          	           	             	                                      	 0.13325  -0.94200   0.14418   0.66458  
      	     	          	           	          	           	             	                                      	 0.73505   0.15275  -1.05228   0.16448  
      	     	          	           	          	           	             	                                      	 0.10598   0.58896   0.13759  -0.83252  

  #45	28   	-31874.80909	Yes        	4        	0.017    	0.000    	 0.19722   0.26121   0.24636   0.29521	-1.35193   0.19619   1.00074   0.15500  
      	     	          	           	          	           	             	                                      	 0.14813  -0.93798   0.12313   0.66672  
      	     	          	           	          	           	             	                                      	 0.80116   0.13056  -1.04152   0.10980  
      	     	          	           	          	           	             	                                      	 0.10355   0.58993   0.09163  -0.78511  

  #46	28   	-31536.95493	Yes        	4        	0.021    	0.000    	 0.19979   0.25471   0.24481   0.30070	-1.11498   0.17806   0.80339   0.13353  
      	     	          	           	          	           	             	                                      	 0.13966  -1.07187   0.18673   0.74548  
      	     	          	           	          	           	             	                                      	 0.65564   0.19429  -1.01250   0.16257  
      	     	          	           	          	           	             	                                      	 0.08872   0.63147   0.13235  -0.85255  

  #47	28   	-31292.16668	Yes        	4        	0.017    	0.000    	 0.19961   0.25710   0.24405   0.29924	-1.19004   0.18409   0.84909   0.15686  
      	     	          	           	          	           	             	                                      	 0.14292  -1.01382   0.15658   0.71431  
      	     	          	           	          	           	             	                                      	 0.69447   0.16496  -1.01738   0.15795  
      	     	          	           	          	           	             	                                      	 0.10464   0.61373   0.12882  -0.84718  

  #48	28   	-32798.52875	Yes        	4        	0.017    	0.000    	 0.19924   0.25177   0.24632   0.30267	-1.18438   0.17306   0.83430   0.17703  
      	     	          	           	          	           	             	                                      	 0.13696  -0.97520   0.16968   0.66857  
      	     	          	           	          	           	             	                                      	 0.67484   0.17343  -1.06334   0.21507  
      	     	          	           	          	           	             	                                      	 0.11653   0.55613   0.17503  -0.84770  

  #49	28   	-31533.46996	Yes        	4        	0.017    	0.000    	 0.19511   0.25361   0.24432   0.30696	-1.25462   0.16634   0.93783   0.15044  
      	     	          	           	          	           	             	                                      	 0.12797  -0.95858   0.16395   0.66667  
      	     	          	           	          	           	             	                                      	 0.74892   0.17019  -1.10150   0.18239  
      	     	          	           	          	           	             	                                      	 0.09562   0.55081   0.14517  -0.79160  

  #50	28   	-31523.59189	Yes        	4        	0.021    	0.000    	 0.20036   0.25020   0.24995   0.29949	-1.22149   0.12030   0.92032   0.18087  
      	     	          	           	          	           	             	                                      	 0.09634  -0.95806   0.18631   0.67541  
      	     	          	           	          	           	             	                                      	 0.73773   0.18650  -1.08290   0.15867  
      	     	          	           	          	           	             	                                      	 0.12100   0.56425   0.13242  -0.81767  

  #51	28   	-30918.99399	Yes        	4        	0.017    	0.000    	 0.19969   0.25491   0.24173   0.30367	-1.24327   0.16992   0.95787   0.11548  
      	     	          	           	          	           	             	                                      	 0.13311  -0.97743   0.15187   0.69245  
      	     	          	           	          	           	             	                                      	 0.79127   0.16015  -1.10243   0.15101  
      	     	          	           	          	           	             	                                      	 0.07594   0.58128   0.12021  -0.77743  

  #52	28   	-31094.97782	Yes        	4        	0.017    	0.000    	 0.19359   0.26339   0.24256   0.30046	-1.17714   0.22144   0.84821   0.10750  
      	     	          	           	          	           	             	                                      	 0.16276  -1.05055   0.14902   0.73877  
      	     	          	           	          	           	             	                                      	 0.67696   0.16181  -0.99660   0.15782  
      	     	          	           	          	           	             	                                      	 0.06927   0.64762   0.12741  -0.84430  

  #53	28   	-32065.31528	Yes        	4        	0.021    	0.000    	 0.19592   0.25425   0.24444   0.30539	-1.30859   0.20062   0.98455   0.12343  
      	     	          	           	          	           	             	                                      	 0.15459  -0.95966   0.15975   0.64532  
      	     	          	           	          	           	             	                                      	 0.78915   0.16616  -1.11457   0.15926  
      	     	          	           	          	           	             	                                      	 0.07918   0.53725   0.12747  -0.74390  

  #54	28   	-31481.52684	Yes        	4        	0.021    	0.000    	 0.19233   0.26295   0.24210   0.30262	-1.22491   0.15697   0.89811   0.16983  
      	     	          	           	          	           	             	                                      	 0.11481  -0.97817   0.14294   0.72042  
      	     	          	           	          	           	             	                                      	 0.71349   0.15525  -1.02319   0.15445  
      	     	          	           	          	           	             	                                      	 0.10793   0.62599   0.12356  -0.85748  

  #55	28   	-31809.83804	Yes        	4        	0.021    	0.000    	 0.20037   0.26305   0.24800   0.28857	-1.25872   0.16684   0.94959   0.14229  
      	     	          	           	          	           	             	                                      	 0.12709  -0.91884   0.14854   0.64322  
      	     	          	           	          	           	             	                                      	 0.76719   0.15755  -1.08409   0.15935  
      	     	          	           	          	           	             	                                      	 0.09880   0.58633   0.13695  -0.82208  

  #56	28   	-32286.39677	Yes        	4        	0.017    	0.000    	 0.19322   0.25355   0.24720   0.30603	-1.30046   0.20165   0.93702   0.16179  
      	     	          	           	          	           	             	                                      	 0.15367  -0.98880   0.16945   0.66567  
      	     	          	           	          	           	             	                                      	 0.73243   0.17380  -1.05582   0.14959  
      	     	          	           	          	           	             	                                      	 0.10215   0.55151   0.12083  -0.77449  

  #57	28   	-31827.09716	Yes        	4        	0.017    	0.000    	 0.19510   0.26205   0.24321   0.29964	-1.32108   0.22028   0.94590   0.15491  
      	     	          	           	          	           	             	                                      	 0.16400  -0.92177   0.14130   0.61647  
      	     	          	           	          	           	             	                                      	 0.75881   0.15225  -1.09066   0.17960  
      	     	          	           	          	           	             	                                      	 0.10086   0.53913   0.14577  -0.78577  

  #58	28   	-30961.21680	Yes        	4        	0.017    	0.000    	 0.19720   0.25670   0.24608   0.30002	-1.14022   0.16818   0.85323   0.11881  
      	     	          	           	          	           	             	                                      	 0.12920  -1.05242   0.17164   0.75158  
      	     	          	           	          	           	             	                                      	 0.68374   0.17904  -1.01785   0.15507  
      	     	          	           	          	           	             	                                      	 0.07810   0.64305   0.12720  -0.84834  

  #59	28   	-31538.71256	Yes        	4        	0.017    	0.000    	 0.20302   0.26037   0.23575   0.30086	-1.15102   0.17475   0.85566   0.12061  
      	     	          	           	          	           	             	                                      	 0.13626  -1.03131   0.17706   0.71799  
      	     	          	           	          	           	             	                                      	 0.73689   0.19556  -1.07357   0.14112  
      	     	          	           	          	           	             	                                      	 0.08139   0.62138   0.11058  -0.81334  

  #60	28   	-31820.39337	Yes        	4        	0.021    	0.000    	 0.19710   0.26066   0.24110   0.30114	-1.23496   0.18213   0.90606   0.14677  
      	     	          	           	          	           	             	                                      	 0.13772  -0.95601   0.18059   0.63770  
      	     	          	           	          	           	             	                                      	 0.74070   0.19524  -1.11551   0.17957  
      	     	          	           	          	           	             	                                      	 0.09606   0.55198   0.14377  -0.79182  

  #61	28   	-31238.78537	Yes        	4        	0.017    	0.000    	 0.20582   0.24796   0.24820   0.29802	-1.12820   0.12555   0.90172   0.10093  
      	     	          	           	          	           	             	                                      	 0.10422  -1.02539   0.13405   0.78713  
      	     	          	           	          	           	             	                                      	 0.74774   0.13392  -1.04031   0.15865  
      	     	          	           	          	           	             	                                      	 0.06971   0.65492   0.13213  -0.85676  

  #62	28   	-31928.44414	Yes        	4        	0.021    	0.000    	 0.19829   0.26211   0.23878   0.30082	-1.15511   0.23790   0.79462   0.12259  
      	     	          	           	          	           	             	                                      	 0.17998  -1.04077   0.15202   0.70877  
      	     	          	           	          	           	             	                                      	 0.65988   0.16687  -1.01660   0.18985  
      	     	          	           	          	           	             	                                      	 0.08081   0.61756   0.15070  -0.84906  

  #63	28   	-31257.48198	Yes        	4        	0.021    	0.000    	 0.19960   0.26104   0.24458   0.29478	-1.20816   0.15034   0.93512   0.12269  
      	     	          	           	          	           	             	                                      	 0.11495  -0.93982   0.15678   0.66809  
      	     	          	           	          	           	             	                                      	 0.76315   0.16733  -1.10846   0.17798  
      	     	          	           	          	           	             	                                      	 0.08308   0.59161   0.14767  -0.82236  

  #64	28   	-31546.26486	Yes        	4        	0.021    	0.000    	 0.19795   0.25325   0.24757   0.30123	-1.14551   0.13912   0.89969   0.10671  
      	     	          	           	          	           	             	                                      	 0.10874  -1.00510   0.15938   0.73698  
      	     	          	           	          	           	             	                                      	 0.71934   0.16303  -1.06916   0.18679  
      	     	          	           	          	           	             	                                      	 0.07012   0.61961   0.15352  -0.84325  

  #65	28   	-32382.76794	Yes        	4        	0.017    	0.000    	 0.19770   0.26092   0.24224   0.29915	-1.27143   0.18531   0.94143   0.14468  
      	     	          	           	          	           	             	                                      	 0.14041  -0.96283   0.16143   0.66099  
      	     	          	           	          	           	             	                                      	 0.76833   0.17388  -1.08281   0.14061  
      	     	          	           	          	           	             	                                      	 0.09561   0.57652   0.11386  -0.78599  

  #66	28   	-31877.53264	Yes        	4        	0.021    	0.000    	 0.20465   0.25184   0.24522   0.29829	-1.19885   0.15977   0.88378   0.15530  
      	     	          	           	          	           	             	                                      	 0.12983  -0.94925   0.17300   0.64642  
      	     	          	           	          	           	             	                                      	 0.73753   0.17766  -1.11216   0.19696  
      	     	          	           	          	           	             	                                      	 0.10655   0.54575   0.16192  -0.81422  

  #67	28   	-31777.28344	Yes        	4        	0.017    	0.000    	 0.20038   0.25679   0.24384   0.29899	-1.24828   0.15232   0.94903   0.14693  
      	     	          	           	          	           	             	                                      	 0.11886  -0.94370   0.15888   0.66595  
      	     	          	           	          	           	             	                                      	 0.77989   0.16732  -1.10329   0.15608  
      	     	          	           	          	           	             	                                      	 0.09847   0.57196   0.12729  -0.79772  

  #68	28   	-31757.52096	Yes        	4        	0.021    	0.000    	 0.19626   0.26010   0.24635   0.29728	-1.28506   0.18211   0.98464   0.11831  
      	     	          	           	          	           	             	                                      	 0.13741  -0.95975   0.17076   0.65158  
      	     	          	           	          	           	             	                                      	 0.78445   0.18029  -1.10233   0.13760  
      	     	          	           	          	           	             	                                      	 0.07811   0.57008   0.11403  -0.76222  

  #69	28   	-31316.66400	Yes        	4        	0.021    	0.000    	 0.19163   0.26167   0.24777   0.29893	-1.22432   0.20802   0.89018   0.12612  
      	     	          	           	          	           	             	                                      	 0.15235  -1.01929   0.17528   0.69166  
      	     	          	           	          	           	             	                                      	 0.68850   0.18511  -1.02911   0.15550  
      	     	          	           	          	           	             	                                      	 0.08085   0.60544   0.12889  -0.81518  

  #70	28   	-31707.96826	Yes        	4        	0.017    	0.000    	 0.20005   0.26001   0.24574   0.29421	-1.11057   0.14139   0.83165   0.13753  
      	     	          	           	          	           	             	                                      	 0.10878  -0.99989   0.15216   0.73895  
      	     	          	           	          	           	             	                                      	 0.67703   0.16100  -1.02577   0.18775  
      	     	          	           	          	           	             	                                      	 0.09352   0.65306   0.15681  -0.90339  

  #71	28   	-31142.64354	Yes        	4        	0.017    	0.000    	 0.19639   0.25716   0.24405   0.30240	-1.21400   0.19062   0.90025   0.12313  
      	     	          	           	          	           	             	                                      	 0.14557  -1.02775   0.14812   0.73405  
      	     	          	           	          	           	             	                                      	 0.72447   0.15608  -1.02281   0.14226  
      	     	          	           	          	           	             	                                      	 0.07997   0.62424   0.11481  -0.81901  

  #72	28   	-31256.42718	Yes        	4        	0.017    	0.000    	 0.19600   0.25696   0.24553   0.30152	-1.24509   0.16613   0.92445   0.15450  
      	     	          	           	          	           	             	                                      	 0.12672  -0.98513   0.17383   0.68458  
      	     	          	           	          	           	             	                                      	 0.73797   0.18192  -1.06403   0.14413  
      	     	          	           	          	           	             	                                      	 0.10043   0.58341   0.11737  -0.80121  

  #73	28   	-31529.30319	Yes        	4        	0.017    	0.000    	 0.19846   0.25942   0.24080   0.30132	-1.15473   0.17802   0.83866   0.13805  
      	     	          	           	          	           	             	                                      	 0.13619  -1.02209   0.16042   0.72547  
      	     	          	           	          	           	             	                                      	 0.69121   0.17283  -1.03435   0.17031  
      	     	          	           	          	           	             	                                      	 0.09093   0.62460   0.13610  -0.85162  

  #74	28   	-31561.70741	Yes        	4        	0.021    	0.000    	 0.20064   0.25958   0.23655   0.30323	-1.19902   0.19713   0.87235   0.12954  
      	     	          	           	          	           	             	                                      	 0.15236  -0.98533   0.13199   0.70098  
      	     	          	           	          	           	             	                                      	 0.73991   0.14484  -1.06742   0.18267  
      	     	          	           	          	           	             	                                      	 0.08571   0.60007   0.14250  -0.82828  

  #75	28   	-31879.18065	Yes        	4        	0.021    	0.000    	 0.19364   0.25834   0.23865   0.30937	-1.29383   0.17516   1.01807   0.10059  
      	     	          	           	          	           	             	                                      	 0.13129  -0.92149   0.15300   0.63720  
      	     	          	           	          	           	             	                                      	 0.82603   0.16562  -1.18158   0.18993  
      	     	          	           	          	           	             	                                      	 0.06296   0.53210   0.14652  -0.74158  

  #76	28   	-31186.99196	Yes        	4        	0.017    	0.000    	 0.19344   0.26219   0.24329   0.30108	-1.29269   0.19210   0.99921   0.10138  
      	     	          	           	          	           	             	                                      	 0.14173  -0.97282   0.13796   0.69314  
      	     	          	           	          	           	             	                                      	 0.79444   0.14867  -1.07482   0.13170  
      	     	          	           	          	           	             	                                      	 0.06514   0.60360   0.10642  -0.77516  

  #77	28   	-30898.33729	Yes        	4        	0.017    	0.000    	 0.19846   0.25895   0.24069   0.30190	-1.20895   0.19211   0.85443   0.16242  
      	     	          	           	          	           	             	                                      	 0.14723  -0.99730   0.14740   0.70266  
      	     	          	           	          	           	             	                                      	 0.70452   0.15858  -1.02908   0.16598  
      	     	          	           	          	           	             	                                      	 0.10677   0.60268   0.13233  -0.84178  

  #78	28   	-30764.12454	Yes        	4        	0.017    	0.000    	 0.19428   0.25545   0.25218   0.29809	-1.26087   0.20270   0.92314   0.13503  
      	     	          	           	          	           	             	                                      	 0.15416  -0.98438   0.14409   0.68614  
      	     	          	           	          	           	             	                                      	 0.71118   0.14596  -1.02748   0.17034  
      	     	          	           	          	           	             	                                      	 0.08800   0.58801   0.14411  -0.82012  

  #79	28   	-31967.75514	Yes        	4        	0.017    	0.000    	 0.19632   0.25719   0.24687   0.29962	-1.28677   0.18330   0.98533   0.11815  
      	     	          	           	          	           	             	                                      	 0.13992  -0.94893   0.15459   0.65442  
      	     	          	           	          	           	             	                                      	 0.78358   0.16105  -1.10387   0.15923  
      	     	          	           	          	           	             	                                      	 0.07742   0.56174   0.13119  -0.77035  

  #80	28   	-31573.19101	Yes        	4        	0.017    	0.000    	 0.19574   0.25491   0.24636   0.30299	-1.16617   0.18861   0.87826   0.09930  
      	     	          	           	          	           	             	                                      	 0.14483  -1.01596   0.17606   0.69507  
      	     	          	           	          	           	             	                                      	 0.69780   0.18218  -1.08160   0.20162  
      	     	          	           	          	           	             	                                      	 0.06415   0.58479   0.16393  -0.81287  

  #81	28   	-31294.16596	Yes        	4        	0.021    	0.000    	 0.20137   0.25420   0.24572   0.29871	-1.17760   0.18506   0.87542   0.11712  
      	     	          	           	          	           	             	                                      	 0.14660  -1.03422   0.20371   0.68391  
      	     	          	           	          	           	             	                                      	 0.71742   0.21074  -1.07969   0.15153  
      	     	          	           	          	           	             	                                      	 0.07895   0.58199   0.12465  -0.78560  

  #82	28   	-31673.08146	Yes        	4        	0.017    	0.000    	 0.19802   0.25743   0.24102   0.30352	-1.20122   0.19869   0.86418   0.13835  
      	     	          	           	          	           	             	                                      	 0.15284  -1.00432   0.14120   0.71027  
      	     	          	           	          	           	             	                                      	 0.71001   0.15082  -1.03894   0.17811  
      	     	          	           	          	           	             	                                      	 0.09027   0.60243   0.14144  -0.83414  

  #83	28   	-31586.35025	Yes        	4        	0.017    	0.000    	 0.19319   0.25991   0.24358   0.30332	-1.27127   0.19521   0.94499   0.13107  
      	     	          	           	          	           	             	                                      	 0.14510  -0.98934   0.18499   0.65925  
      	     	          	           	          	           	             	                                      	 0.74952   0.19739  -1.09050   0.14358  
      	     	          	           	          	           	             	                                      	 0.08348   0.56490   0.11530  -0.76368  

  #84	28   	-31644.50644	Yes        	4        	0.017    	0.000    	 0.19639   0.25962   0.24218   0.30181	-1.17629   0.12785   0.90518   0.14325  
      	     	          	           	          	           	             	                                      	 0.09671  -0.97025   0.14969   0.72384  
      	     	          	           	          	           	             	                                      	 0.73402   0.16048  -1.06875   0.17426  
      	     	          	           	          	           	             	                                      	 0.09321   0.62266   0.13983  -0.85571  

  #85	28   	-31473.25214	Yes        	4        	0.017    	0.000    	 0.19914   0.25594   0.24233   0.30259	-1.34859   0.18419   1.05085   0.11355  
      	     	          	           	          	           	             	                                      	 0.14331  -0.90636   0.15799   0.60506  
      	     	          	           	          	           	             	                                      	 0.86352   0.16686  -1.17957   0.14918  
      	     	          	           	          	           	             	                                      	 0.07473   0.51179   0.11948  -0.70599  

  #86	28   	-31418.79944	Yes        	4        	0.017    	0.000    	 0.19343   0.25846   0.24256   0.30555	-1.23926   0.20551   0.92046   0.11329  
      	     	          	           	          	           	             	                                      	 0.15380  -0.99049   0.15060   0.68608  
      	     	          	           	          	           	             	                                      	 0.73399   0.16047  -1.07607   0.18160  
      	     	          	           	          	           	             	                                      	 0.07171   0.58033   0.14416  -0.79621  

  #87	28   	-31337.37463	Yes        	4        	0.017    	0.000    	 0.19837   0.25827   0.24224   0.30111	-1.17132   0.20117   0.85946   0.11069  
      	     	          	           	          	           	             	                                      	 0.15452  -1.04284   0.16763   0.72070  
      	     	          	           	          	           	             	                                      	 0.70382   0.17872  -1.04028   0.15774  
      	     	          	           	          	           	             	                                      	 0.07292   0.61816   0.12690  -0.81798  

  #88	28   	-30951.68697	Yes        	4        	0.017    	0.000    	 0.19374   0.25878   0.25170   0.29578	-1.26041   0.18978   0.95546   0.11517  
      	     	          	           	          	           	             	                                      	 0.14209  -0.96655   0.14566   0.67880  
      	     	          	           	          	           	             	                                      	 0.73544   0.14975  -1.05385   0.16866  
      	     	          	           	          	           	             	                                      	 0.07544   0.59389   0.14353  -0.81286  

  #89	28   	-31600.58887	Yes        	4        	0.021    	0.000    	 0.19838   0.25848   0.24222   0.30092	-1.23626   0.14694   0.96365   0.12567  
      	     	          	           	          	           	             	                                      	 0.11278  -0.95069   0.16042   0.67749  
      	     	          	           	          	           	             	                                      	 0.78926   0.17119  -1.11800   0.15755  
      	     	          	           	          	           	             	                                      	 0.08285   0.58194   0.12682  -0.79161  

  #90	28   	-31739.50012	Yes        	4        	0.017    	0.000    	 0.19748   0.26350   0.24048   0.29854	-1.10892   0.14013   0.82388   0.14491  
      	     	          	           	          	           	             	                                      	 0.10502  -1.00442   0.15428   0.74512  
      	     	          	           	          	           	             	                                      	 0.67657   0.16905  -1.02867   0.18305  
      	     	          	           	          	           	             	                                      	 0.09585   0.65765   0.14745  -0.90095  

  #91	28   	-31770.20480	Yes        	4        	0.021    	0.000    	 0.19837   0.26648   0.23607   0.29908	-1.27862   0.19031   0.91004   0.17827  
      	     	          	           	          	           	             	                                      	 0.14167  -0.91761   0.13643   0.63950  
      	     	          	           	          	           	             	                                      	 0.76473   0.15401  -1.08642   0.16767  
      	     	          	           	          	           	             	                                      	 0.11824   0.56980   0.13235  -0.82039  

  #92	28   	-31287.93780	Yes        	4        	0.021    	0.000    	 0.19604   0.25889   0.24055   0.30452	-1.13646   0.16840   0.81985   0.14820  
      	     	          	           	          	           	             	                                      	 0.12752  -1.04237   0.15651   0.75834  
      	     	          	           	          	           	             	                                      	 0.66815   0.16844  -1.00438   0.16779  
      	     	          	           	          	           	             	                                      	 0.09541   0.64473   0.13254  -0.87267  

  #93	28   	-32048.13848	Yes        	4        	0.017    	0.000    	 0.19747   0.25856   0.24449   0.29948	-1.20338   0.19130   0.90285   0.10923  
      	     	          	           	          	           	             	                                      	 0.14611  -0.98321   0.16505   0.67206  
      	     	          	           	          	           	             	                                      	 0.72923   0.17454  -1.09160   0.18783  
      	     	          	           	          	           	             	                                      	 0.07203   0.58023   0.15334  -0.80560  

  #94	28   	-31235.67688	Yes        	4        	0.017    	0.000    	 0.19398   0.26291   0.24342   0.29968	-1.29544   0.18653   0.98157   0.12735  
      	     	          	           	          	           	             	                                      	 0.13763  -0.95924   0.18650   0.63511  
      	     	          	           	          	           	             	                                      	 0.78221   0.20143  -1.11796   0.13432  
      	     	          	           	          	           	             	                                      	 0.08243   0.55717   0.10911  -0.74871  

  #95	28   	-31168.95257	Yes        	4        	0.017    	0.000    	 0.19425   0.25963   0.24456   0.30156	-1.19781   0.15905   0.91220   0.12656  
      	     	          	           	          	           	             	                                      	 0.11900  -1.00850   0.17595   0.71355  
      	     	          	           	          	           	             	                                      	 0.72451   0.18679  -1.06010   0.14880  
      	     	          	           	          	           	             	                                      	 0.08152   0.61433   0.12068  -0.81653  

  #96	28   	-32163.72460	Yes        	4        	0.017    	0.000    	 0.19594   0.25778   0.24339   0.30289	-1.27953   0.18601   0.97989   0.11363  
      	     	          	           	          	           	             	                                      	 0.14138  -0.94415   0.17722   0.62554  
      	     	          	           	          	           	             	                                      	 0.78883   0.18769  -1.15056   0.17403  
      	     	          	           	          	           	             	                                      	 0.07351   0.53237   0.13985  -0.74573  

  #97	28   	-31982.15906	Yes        	4        	0.021    	0.000    	 0.19166   0.26307   0.24134   0.30393	-1.15508   0.16624   0.85384   0.13500  
      	     	          	           	          	           	             	                                      	 0.12112  -1.01279   0.18063   0.71104  
      	     	          	           	          	           	             	                                      	 0.67809   0.19690  -1.05749   0.18250  
      	     	          	           	          	           	             	                                      	 0.08513   0.61544   0.14491  -0.84548  

  #98	28   	-32721.57472	Yes        	4        	0.021    	0.000    	 0.20078   0.25951   0.24329   0.29642	-1.29481   0.14912   1.02603   0.11966  
      	     	          	           	          	           	             	                                      	 0.11537  -0.88640   0.16286   0.60816  
      	     	          	           	          	           	             	                                      	 0.84676   0.17372  -1.18464   0.16416  
      	     	          	           	          	           	             	                                      	 0.08105   0.53243   0.13474  -0.74822  

  #99	28   	-32308.47334	Yes        	4        	0.017    	0.000    	 0.19265   0.25698   0.24354   0.30683	-1.17782   0.14447   0.91439   0.11896  
      	     	          	           	          	           	             	                                      	 0.10831  -0.98666   0.16245   0.71590  
      	     	          	           	          	           	             	                                      	 0.72331   0.17142  -1.08925   0.19452  
      	     	          	           	          	           	             	                                      	 0.07469   0.59960   0.15439  -0.82868  

  #100	28   	-32255.95581	Yes        	4        	0.021    	0.000    	 0.19881   0.26091   0.24242   0.29787	-1.25419   0.14981   0.97441   0.12997  
      	     	          	           	          	           	             	                                      	 0.11415  -0.92081   0.16026   0.64639  
      	     	          	           	          	           	             	                                      	 0.79913   0.17249  -1.13742   0.16581  
      	     	          	           	          	           	             	                                      	 0.08675   0.56618   0.13494  -0.78787  

