147.379835812915
112.421057455777
382.306346419006
18.7026247876407
600.275989859053
102.83551572813
13.8710005511428
26.1825807537296
71.0577797413168
66.5269190713768
6.84294886781019
142.225272288426
38.5360607576031
79.2454087916161
117.079485543618
302.42035678116
128.898486622247
204.798808376552
30.427859840389
43.5673366935022
98.7901191720084
69.183135745574
23.7579292702671
18.8241106326159
53.1455680056792
140.553655381347
93.0204331520399
21.6706658663562
32.9130494112564
32.2157716487233
10.6513390295434
44.3588420974483
68.5018803186519
165.94039167275
341.841259399983
70.8585484422695
423.084756040757
72.2494673503057
275.491254222142
286.751485207516
70.5186588684371
14.6253953178074
63.5241904350463
53.8199039608661
542.299372975104
81.6402913633572
111.91321566719
357.145480027069
98.0271817538611
18.5063288942967
37.2573508655837
393.121488188185
54.0185777900138
46.8941574850185
119.721992545261
183.769948921028
65.1981159085316
27.02723721356
165.301809810882
213.138650879697
42.1842362551036
168.672112526486
8.14223623143875
12.4638553802473
389.808568498138
147.591366995152
41.1050276611402
458.682912471551
45.4168783114107
13.6443092798012
82.624124855896
21.3642353375736
108.789356947606
11.5578312659292
110.059056561158
72.7301637285679
80.7270356698426
153.214519162721
33.8171351658758
89.6454365162393
202.788965517628
95.8313520460921
50.8604153770497
54.7651666105818
71.3041491136606
27.9998270045753
46.432254561572
21.3371532081928
29.5070338414125
247.211842992031
51.5029485494126
122.27405702727
91.2358777927562
70.3584635027789
206.077804180039
38.1630030905147
309.809919282985
62.6493713932978
68.1407361292087
8.24966473890928
29.6396005449336
3.5120858200035
65.4446208961512
46.7736437861513
69.1010680670295
109.302489000532
34.4735215991581
181.479359663235
194.821640208769
141.991288307389
15.557382651836
171.206593570904
10.275114700295
51.765699402288
49.7712808753183
82.9939787142267
17.2003644690812
58.9843884338434
42.4418511669346
73.4972595738127
48.5161952256436
37.1973559108298
71.3277034575579
95.1511011376943
65.2997641544952
232.438821809881
27.5309975600413
27.5222012442604
42.4900533523935
242.575460571448
97.4013028499903
299.071620778905
50.9692820705992
238.662395022812
91.9729916318615
348.954895837016
20.2538369798014
63.6254410965811
13.4631958547523
21.8594705458745
163.148182663739
32.9327010558801
25.7013070052675
180.673203760356
34.2939569887252
13.0532130628199
140.6420164211
25.3270539106895
49.1954100283084
129.620321022173
115.713388673503
33.3897880900507
17.864602202499
71.76472799033
123.762545421755
119.806037644561
174.078166798162
29.363706638335
103.889863538359
20.7495888768293
83.3432943691196
67.4879223229171
56.5653951893781
15.2391300270937
43.3488477670058
126.959221639674
423.563200427501
153.546795657972
10.8266233028142
48.3495744410014
225.08554577987
15.1445039536162
41.5111932654943
7.97090129099893
34.3001804610108
43.9577121024187
53.2503634522508
97.8556708981552
105.472616017204
12.6429816437201
70.3401653098731
39.405064920968
61.9323226576931
44.7343758575132
38.316351891773
71.5735047670708
77.1678473626595
80.5713022555235
69.7523665913197
119.316994508021
121.371315716375
134.771187797156
20.6009843156959
49.5231249096676
67.2483881861534
240.113949173594
42.7373824595693
220.16720461161
96.6364008119702
343.05171638224
