

TREE # 1

  0  0.0000   3003.161235  x:  0.02981   0.01539   0.07144   0.10204   0.02128   0.06250   0.05591   0.06899   0.08152   0.06238   0.10528   0.10810   0.10630   0.10383   0.07543   0.02460   0.03515   0.07441   0.04298   0.08708   0.09114   0.07553   0.06178   0.01346   0.04895   0.03830   0.03444   0.03497   0.07369   0.08842   0.02886   0.02420   0.04733   0.08374   0.04407   0.04786   0.07530   0.02269   0.10541   0.08060   0.04013   0.09724   0.04356   0.09045   0.04450   0.03867   0.08711   0.08203   2.00000   1.30789   0.44847   0.35375   2.69431  
  1 99.0000   2841.488568  x:  0.04081   0.00000   0.05984   0.08714   0.01077   0.04603   0.03942   0.05445   0.06508   0.04593   0.09141   0.09172   0.08992   0.08741   0.05896   0.00802   0.01863   0.05885   0.02801   0.07219   0.07471   0.05908   0.04536   0.00658   0.03528   0.02177   0.01791   0.01844   0.06456   0.07199   0.01236   0.00764   0.03227   0.06977   0.02759   0.03413   0.05886   0.00614   0.09227   0.06761   0.02367   0.08363   0.04077   0.07993   0.03255   0.02220   0.07303   0.09303   1.99945   1.30522   0.44588   0.32928   2.69926  
  2 1557.5919   2786.265878  x:  0.04243   0.00000   0.05598   0.08173   0.00953   0.03993   0.03331   0.04930   0.05899   0.03984   0.08643   0.08566   0.08386   0.08134   0.05286   0.00188   0.01251   0.05319   0.02285   0.06681   0.06863   0.05299   0.03930   0.00879   0.03072   0.01564   0.01178   0.01231   0.06160   0.06591   0.00624   0.00151   0.02700   0.06481   0.02149   0.02956   0.05277   0.00000   0.08759   0.06310   0.01758   0.07878   0.04005   0.07639   0.02888   0.01610   0.06801   0.09465   1.99934   1.30488   0.44524   0.32436   2.70038  
  3 37169.0262   2772.915905  x:  0.04292   0.00000   0.05501   0.08040   0.00910   0.03843   0.03181   0.04801   0.05749   0.03835   0.08520   0.08417   0.08237   0.07984   0.05136   0.00038   0.01100   0.05179   0.02153   0.06548   0.06714   0.05149   0.03781   0.00976   0.02956   0.01414   0.01028   0.01080   0.06085   0.06441   0.00474   0.00000   0.02567   0.06357   0.01999   0.02839   0.05127   0.00000   0.08643   0.06197   0.01608   0.07758   0.03987   0.07550   0.02791   0.01460   0.06676   0.09514   1.99931   1.30476   0.44506   0.32287   2.70071  
  4 402646.7028   2769.712115  x:  0.04301   0.00000   0.05477   0.08007   0.00936   0.03806   0.03144   0.04770   0.05712   0.03798   0.08489   0.08380   0.08200   0.07947   0.05099   0.00000   0.01063   0.05145   0.02126   0.06515   0.06677   0.05112   0.03745   0.00997   0.02930   0.01377   0.00991   0.01043   0.06067   0.06404   0.00437   0.00000   0.02537   0.06326   0.01962   0.02813   0.05090   0.00000   0.08614   0.06169   0.01571   0.07728   0.03982   0.07528   0.02771   0.01423   0.06645   0.09524   1.99929   1.30470   0.44500   0.32227   2.70082  
  5 31357.6539   2735.507260  x:  0.04161   0.00000   0.05255   0.07628   0.00878   0.03370   0.02708   0.04442   0.05278   0.03363   0.08146   0.07948   0.07768   0.07514   0.04663   0.00000   0.00627   0.04758   0.01983   0.06146   0.06243   0.04677   0.03324   0.01204   0.02767   0.00939   0.00553   0.00606   0.05901   0.05969   0.00000   0.00000   0.02286   0.05997   0.01531   0.02665   0.04655   0.00000   0.08295   0.05877   0.01136   0.07397   0.03967   0.07309   0.02731   0.00989   0.06307   0.09383   1.99911   1.30378   0.44431   0.31454   2.70209  
  6 16175.0767   2694.684280  x:  0.04100   0.00000   0.05007   0.07163   0.00815   0.02822   0.02159   0.04064   0.04731   0.02817   0.07733   0.07405   0.07225   0.06969   0.04116   0.00000   0.00078   0.04288   0.01835   0.05701   0.05697   0.04130   0.02798   0.01480   0.02593   0.00386   0.00000   0.00056   0.05719   0.05422   0.00000   0.00000   0.02019   0.05609   0.00989   0.02506   0.04108   0.00000   0.07915   0.05539   0.00588   0.07003   0.03932   0.07058   0.02647   0.00442   0.05905   0.09322   1.99891   1.30273   0.44361   0.30594   2.70339  
  7 178885.4016   2690.242943  x:  0.04142   0.00000   0.04996   0.07091   0.00808   0.02767   0.02105   0.03961   0.04677   0.02762   0.07664   0.07349   0.07169   0.06913   0.04061   0.00000   0.00026   0.04190   0.01871   0.05615   0.05642   0.04076   0.02742   0.01529   0.02621   0.00335   0.00000   0.00000   0.05761   0.05361   0.00000   0.00000   0.01924   0.05528   0.00938   0.02550   0.04056   0.00000   0.07855   0.05475   0.00534   0.06934   0.03982   0.07055   0.02707   0.00388   0.05825   0.09365   1.99883   1.30310   0.44324   0.30479   2.70382  
  8 1194.0552   2688.052495  x:  0.04141   0.00000   0.04990   0.07055   0.00802   0.02741   0.02079   0.03921   0.04650   0.02735   0.07632   0.07322   0.07142   0.06886   0.04034   0.00000   0.00000   0.04143   0.01869   0.05574   0.05615   0.04049   0.02715   0.01550   0.02618   0.00310   0.00000   0.00000   0.05765   0.05329   0.00000   0.00000   0.01909   0.05494   0.00914   0.02545   0.04030   0.00000   0.07829   0.05451   0.00507   0.06904   0.03950   0.07054   0.02680   0.00361   0.05790   0.09364   1.99878   1.30335   0.44301   0.30418   2.70407  
  9 2755.3819   2662.772929  x:  0.04126   0.00000   0.04855   0.06644   0.00741   0.02400   0.01748   0.03647   0.04317   0.02397   0.07298   0.06981   0.06801   0.06542   0.03694   0.00000   0.00000   0.03652   0.01639   0.05152   0.05278   0.03714   0.02374   0.01769   0.02394   0.00000   0.00000   0.00000   0.05562   0.04933   0.00000   0.00000   0.01905   0.05192   0.00604   0.02285   0.03710   0.00000   0.07561   0.05249   0.00171   0.06599   0.04131   0.06936   0.02493   0.00023   0.05458   0.09349   1.99820   1.30634   0.44043   0.29734   2.70685  
 10 7029.0250   2661.276032  x:  0.04128   0.00000   0.04841   0.06621   0.00737   0.02377   0.01726   0.03639   0.04295   0.02375   0.07280   0.06958   0.06779   0.06519   0.03672   0.00000   0.00000   0.03629   0.01627   0.05131   0.05256   0.03692   0.02351   0.01783   0.02382   0.00000   0.00000   0.00000   0.05546   0.04907   0.00000   0.00000   0.01899   0.05179   0.00583   0.02274   0.03688   0.00000   0.07546   0.05238   0.00149   0.06583   0.04126   0.06922   0.02497   0.00000   0.05443   0.09350   1.99817   1.30650   0.44028   0.29694   2.70701  
 11 13507.1153   2651.959239  x:  0.04133   0.00000   0.04754   0.06469   0.00715   0.02228   0.01580   0.03585   0.04148   0.02226   0.07165   0.06809   0.06629   0.06368   0.03522   0.00000   0.00000   0.03484   0.01556   0.04999   0.05108   0.03544   0.02201   0.01872   0.02309   0.00000   0.00000   0.00000   0.05450   0.04735   0.00000   0.00000   0.01855   0.05092   0.00445   0.02214   0.03546   0.00000   0.07448   0.05168   0.00000   0.06483   0.04103   0.06832   0.02506   0.00000   0.05346   0.09356   1.99795   1.30753   0.43936   0.29436   2.70802  
 12 593907.6497   2623.873359  x:  0.04153   0.00000   0.04511   0.05999   0.00648   0.01748   0.01112   0.03400   0.03677   0.01750   0.06808   0.06330   0.06152   0.05886   0.03044   0.00000   0.00000   0.03044   0.01331   0.04594   0.04633   0.03072   0.01721   0.02144   0.02082   0.00000   0.00000   0.00000   0.05171   0.04190   0.00000   0.00000   0.01757   0.04818   0.00000   0.02004   0.03090   0.00000   0.07143   0.04950   0.00000   0.06171   0.04024   0.06581   0.02557   0.00000   0.05045   0.09375   1.99728   1.31059   0.43656   0.28645   2.71109  
 13 90411.4692   2559.366523  x:  0.04200   0.00000   0.03986   0.04865   0.00485   0.00608   0.00000   0.02904   0.02558   0.00617   0.05946   0.05193   0.05015   0.04739   0.01907   0.00000   0.00000   0.01952   0.00708   0.03607   0.03505   0.01949   0.00580   0.02799   0.01518   0.00000   0.00000   0.00000   0.04598   0.02890   0.00000   0.00000   0.01545   0.04144   0.00000   0.01415   0.02008   0.00000   0.06411   0.04411   0.00000   0.05412   0.03815   0.06033   0.02739   0.00000   0.04309   0.09422   1.99566   1.31805   0.42976   0.26724   2.71855  
 14 191240.6949   2528.385342  x:  0.04230   0.00000   0.03705   0.04288   0.00402   0.00029   0.00000   0.02662   0.01989   0.00042   0.05505   0.04615   0.04438   0.04156   0.01330   0.00000   0.00000   0.01419   0.00503   0.03108   0.02932   0.01379   0.00000   0.03136   0.01217   0.00000   0.00000   0.00000   0.04249   0.02230   0.00000   0.00000   0.01468   0.03804   0.00000   0.01113   0.01459   0.00000   0.06037   0.04141   0.00000   0.05025   0.03712   0.05742   0.02822   0.00000   0.03935   0.09452   1.99484   1.32186   0.42629   0.25749   2.72236  
 15 304049.0070   2527.046483  x:  0.04231   0.00000   0.03691   0.04261   0.00398   0.00000   0.00000   0.02651   0.01962   0.00014   0.05483   0.04587   0.04410   0.04127   0.01302   0.00000   0.00000   0.01414   0.00489   0.03086   0.02905   0.01352   0.00000   0.03151   0.01214   0.00000   0.00000   0.00000   0.04231   0.02198   0.00000   0.00000   0.01471   0.03788   0.00000   0.01106   0.01432   0.00000   0.06018   0.04128   0.00000   0.05006   0.03708   0.05727   0.02824   0.00000   0.03917   0.09453   1.99480   1.32205   0.42612   0.25702   2.72255  
 16 7838.0650   2526.444513  x:  0.04232   0.00000   0.03686   0.04248   0.00397   0.00000   0.00000   0.02646   0.01949   0.00000   0.05473   0.04574   0.04397   0.04114   0.01288   0.00000   0.00000   0.01409   0.00487   0.03075   0.02891   0.01338   0.00000   0.03159   0.01209   0.00000   0.00000   0.00000   0.04224   0.02183   0.00000   0.00000   0.01471   0.03781   0.00000   0.01099   0.01419   0.00000   0.06010   0.04122   0.00000   0.04997   0.03706   0.05721   0.02826   0.00000   0.03909   0.09454   1.99478   1.32215   0.42604   0.25680   2.72264  
 17 34404.5906   2475.029308  x:  0.04269   0.00000   0.03154   0.03157   0.00251   0.00000   0.00000   0.02354   0.00696   0.00000   0.04640   0.03286   0.03110   0.02817   0.00000   0.00000   0.00000   0.00336   0.00168   0.02294   0.01611   0.00064   0.00000   0.03790   0.00466   0.00000   0.00000   0.00000   0.03407   0.00739   0.00000   0.00000   0.01428   0.03230   0.00000   0.01186   0.00163   0.00000   0.05300   0.03679   0.00000   0.04297   0.03570   0.05125   0.02826   0.00000   0.03290   0.09492   1.99313   1.33028   0.41886   0.23755   2.73046  
 18 12565.3133   2472.697970  x:  0.04271   0.00000   0.03126   0.03107   0.00245   0.00000   0.00000   0.02340   0.00633   0.00000   0.04603   0.03222   0.03045   0.02752   0.00000   0.00000   0.00000   0.00305   0.00159   0.02255   0.01547   0.00000   0.00000   0.03817   0.00486   0.00000   0.00000   0.00000   0.03360   0.00668   0.00000   0.00000   0.01413   0.03204   0.00000   0.01143   0.00100   0.00000   0.05268   0.03659   0.00000   0.04266   0.03564   0.05098   0.02829   0.00000   0.03262   0.09493   1.99306   1.33064   0.41855   0.23676   2.73079  
 19 5007.1458   2469.344169  x:  0.04272   0.00000   0.03086   0.03028   0.00235   0.00000   0.00000   0.02308   0.00533   0.00000   0.04543   0.03120   0.02944   0.02650   0.00000   0.00000   0.00000   0.00316   0.00143   0.02190   0.01446   0.00000   0.00000   0.03856   0.00471   0.00000   0.00000   0.00000   0.03300   0.00556   0.00000   0.00000   0.01380   0.03159   0.00000   0.01097   0.00000   0.00000   0.05216   0.03623   0.00000   0.04215   0.03554   0.05063   0.02832   0.00000   0.03213   0.09494   1.99295   1.33120   0.41809   0.23560   2.73129  
 20 15109.0547   2453.276213  x:  0.04313   0.00000   0.02792   0.02574   0.00191   0.00000   0.00000   0.02056   0.00031   0.00000   0.04171   0.02609   0.02433   0.02136   0.00000   0.00000   0.00000   0.00275   0.00154   0.01766   0.00939   0.00000   0.00000   0.04056   0.00418   0.00000   0.00000   0.00000   0.02924   0.00000   0.00000   0.00000   0.01656   0.02855   0.00000   0.01011   0.00000   0.00000   0.04905   0.03366   0.00000   0.03876   0.03497   0.04771   0.02872   0.00000   0.02871   0.09536   1.99243   1.33400   0.41591   0.23060   2.73368  
 21 3352.1430   2452.588103  x:  0.04314   0.00000   0.02784   0.02557   0.00190   0.00000   0.00000   0.02055   0.00000   0.00000   0.04154   0.02578   0.02402   0.02105   0.00000   0.00000   0.00000   0.00273   0.00153   0.01767   0.00909   0.00000   0.00000   0.04063   0.00415   0.00000   0.00000   0.00000   0.02924   0.00000   0.00000   0.00000   0.01661   0.02846   0.00000   0.01004   0.00000   0.00000   0.04889   0.03355   0.00000   0.03861   0.03495   0.04754   0.02872   0.00000   0.02860   0.09536   1.99241   1.33412   0.41582   0.23040   2.73378  
 22 2481.0806   2435.484353  x:  0.04306   0.00000   0.02664   0.02203   0.00157   0.00000   0.00000   0.01947   0.00000   0.00000   0.03758   0.01661   0.01485   0.01188   0.00000   0.00000   0.00000   0.00227   0.00127   0.01560   0.00000   0.00000   0.00000   0.04226   0.00353   0.00000   0.00000   0.00000   0.02651   0.00000   0.00000   0.00000   0.01585   0.02636   0.00000   0.00859   0.00000   0.00000   0.04504   0.03130   0.00000   0.03536   0.03460   0.04475   0.02866   0.00000   0.02640   0.09528   1.99193   1.33730   0.41354   0.22552   2.73611  
 23 8573.8071   2417.904423  x:  0.04284   0.00000   0.02023   0.01808   0.00131   0.00000   0.00000   0.01768   0.00000   0.00000   0.03419   0.00467   0.00292   0.00000   0.00000   0.00000   0.00000   0.00188   0.00095   0.01359   0.00000   0.00000   0.00000   0.04374   0.00303   0.00000   0.00000   0.00000   0.02595   0.00000   0.00000   0.00000   0.01595   0.02360   0.00000   0.00735   0.00000   0.00000   0.04174   0.02903   0.00000   0.03236   0.03444   0.04125   0.02827   0.00000   0.02317   0.09506   1.99149   1.34049   0.41141   0.22133   2.73818  
 24 3621.5787   2414.691122  x:  0.04281   0.00000   0.02053   0.01714   0.00126   0.00000   0.00000   0.01744   0.00000   0.00000   0.03322   0.00175   0.00000   0.00000   0.00000   0.00000   0.00000   0.00182   0.00091   0.01366   0.00000   0.00000   0.00000   0.04401   0.00295   0.00000   0.00000   0.00000   0.02536   0.00000   0.00000   0.00000   0.01597   0.02287   0.00000   0.00713   0.00000   0.00000   0.04083   0.02825   0.00000   0.03146   0.03436   0.04007   0.02825   0.00000   0.02238   0.09503   1.99141   1.34109   0.41102   0.22061   2.73855  
 25 2523.7433   2413.477089  x:  0.04276   0.00000   0.02033   0.01708   0.00126   0.00000   0.00000   0.01766   0.00000   0.00000   0.03252   0.00000   0.00000   0.00000   0.00000   0.00000   0.00000   0.00180   0.00090   0.01329   0.00000   0.00000   0.00000   0.04404   0.00293   0.00000   0.00000   0.00000   0.02531   0.00000   0.00000   0.00000   0.01568   0.02286   0.00000   0.00708   0.00000   0.00000   0.04010   0.02795   0.00000   0.03092   0.03438   0.03974   0.02813   0.00000   0.02248   0.09498   1.99140   1.34129   0.41093   0.22055   2.73862  
 26 761.4392   2401.497589  x:  0.04019   0.00000   0.01138   0.00851   0.00162   0.00000   0.00000   0.00993   0.00000   0.00000   0.02404   0.00000   0.00000   0.00000   0.00000   0.00000   0.00000   0.00188   0.00128   0.02269   0.00000   0.00000   0.00000   0.04219   0.00277   0.00000   0.00000   0.00000   0.01768   0.00000   0.00000   0.00000   0.00000   0.01850   0.00000   0.00705   0.00000   0.00000   0.02736   0.02545   0.00000   0.02566   0.03559   0.03396   0.02325   0.00000   0.01602   0.09241   1.99180   1.34317   0.41173   0.22778   2.73643  
 27 417.9142   2397.385208  x:  0.03926   0.00000   0.00927   0.00520   0.00199   0.00000   0.00000   0.00274   0.00000   0.00000   0.01948   0.00000   0.00000   0.00000   0.00000   0.00000   0.00000   0.00182   0.00116   0.02450   0.00000   0.00000   0.00000   0.04128   0.00270   0.00000   0.00000   0.00000   0.01616   0.00000   0.00000   0.00000   0.00044   0.01636   0.00000   0.00675   0.00000   0.00000   0.01888   0.02306   0.00000   0.02327   0.03560   0.03457   0.02322   0.00000   0.01405   0.09148   1.99215   1.34357   0.41227   0.23083   2.73516  
 28 376.6461   2393.796149  x:  0.03837   0.00000   0.00865   0.00335   0.00245   0.00000   0.00000   0.00566   0.00000   0.00000   0.01839   0.00000   0.00000   0.00000   0.00000   0.00000   0.00000   0.00194   0.00109   0.02282   0.00000   0.00000   0.00000   0.03995   0.00288   0.00000   0.00000   0.00000   0.01631   0.00000   0.00000   0.00000   0.00064   0.00856   0.00000   0.00701   0.00000   0.00000   0.01516   0.01952   0.00000   0.02191   0.03579   0.03584   0.02288   0.00000   0.00540   0.09059   1.99269   1.34306   0.41342   0.23507   2.73325  
 29 373.2653   2392.658451  x:  0.03796   0.00000   0.00891   0.00598   0.00262   0.00000   0.00000   0.00455   0.00000   0.00000   0.01850   0.00000   0.00000   0.00000   0.00000   0.00000   0.00000   0.00197   0.00105   0.02168   0.00000   0.00000   0.00000   0.03926   0.00296   0.00000   0.00000   0.00000   0.01677   0.00000   0.00000   0.00000   0.00063   0.00476   0.00000   0.00714   0.00000   0.00000   0.01647   0.01693   0.00000   0.02053   0.03588   0.03291   0.02253   0.00000   0.00436   0.09018   1.99299   1.34264   0.41411   0.23754   2.73219  
 30 314.6617   2390.563970  x:  0.03729   0.00000   0.01065   0.00270   0.00307   0.00000   0.00000   0.00343   0.00000   0.00000   0.02058   0.00000   0.00000   0.00000   0.00000   0.00000   0.00000   0.00220   0.00102   0.01784   0.00000   0.00000   0.00000   0.03763   0.00333   0.00000   0.00000   0.00000   0.01924   0.00000   0.00000   0.00000   0.00052   0.00404   0.00000   0.00789   0.00000   0.00000   0.02198   0.01088   0.00000   0.01780   0.03631   0.02667   0.02158   0.00000   0.00488   0.08951   1.99374   1.34115   0.41585   0.24305   2.72976  
 31 350.8279   2390.163583  x:  0.03718   0.00000   0.01101   0.00309   0.00316   0.00000   0.00000   0.00306   0.00000   0.00000   0.02065   0.00000   0.00000   0.00000   0.00000   0.00000   0.00000   0.00228   0.00102   0.01728   0.00000   0.00000   0.00000   0.03723   0.00344   0.00000   0.00000   0.00000   0.01968   0.00000   0.00000   0.00000   0.00048   0.00555   0.00000   0.00811   0.00000   0.00000   0.02247   0.00991   0.00000   0.01683   0.03639   0.02524   0.02135   0.00000   0.00350   0.08940   1.99395   1.34076   0.41629   0.24450   2.72914  
 32 315.6895   2386.780575  x:  0.03700   0.00000   0.01270   0.00401   0.00376   0.00000   0.00000   0.00371   0.00000   0.00000   0.01772   0.00000   0.00000   0.00000   0.00000   0.00000   0.00000   0.00345   0.00125   0.01888   0.00000   0.00000   0.00000   0.03349   0.00496   0.00000   0.00000   0.00000   0.02169   0.00000   0.00000   0.00000   0.00055   0.00593   0.00000   0.01112   0.00000   0.00000   0.01677   0.01227   0.00000   0.00731   0.03716   0.01850   0.01913   0.00000   0.00495   0.08922   1.99624   1.33639   0.42088   0.25913   2.72312  
 33 147.7545   2385.414369  x:  0.03692   0.00000   0.01391   0.00465   0.00409   0.00000   0.00000   0.00399   0.00000   0.00000   0.01225   0.00000   0.00000   0.00000   0.00000   0.00000   0.00000   0.00397   0.00136   0.01895   0.00000   0.00000   0.00000   0.03155   0.00565   0.00000   0.00000   0.00000   0.02296   0.00000   0.00000   0.00000   0.00057   0.00615   0.00000   0.01248   0.00000   0.00000   0.01294   0.01010   0.00000   0.01227   0.03757   0.01500   0.01794   0.00000   0.00578   0.08914   1.99747   1.33420   0.42320   0.26668   2.72006  
 34 289.2850   2384.943077  x:  0.03686   0.00000   0.01429   0.00476   0.00426   0.00000   0.00000   0.00408   0.00000   0.00000   0.00844   0.00000   0.00000   0.00000   0.00000   0.00000   0.00000   0.00404   0.00139   0.01923   0.00000   0.00000   0.00000   0.03067   0.00572   0.00000   0.00000   0.00000   0.02306   0.00000   0.00000   0.00000   0.00056   0.00625   0.00000   0.01257   0.00000   0.00000   0.01402   0.00913   0.00000   0.01163   0.03766   0.01777   0.01776   0.00000   0.00592   0.08908   1.99811   1.33339   0.42410   0.26965   2.71881  
 35 80.6779   2383.724135  x:  0.03664   0.00000   0.01740   0.00466   0.00472   0.00000   0.00000   0.00317   0.00000   0.00000   0.00973   0.00000   0.00000   0.00000   0.00000   0.00000   0.00000   0.00396   0.00142   0.01535   0.00000   0.00000   0.00000   0.02799   0.00566   0.00000   0.00000   0.00000   0.02513   0.00000   0.00000   0.00000   0.00047   0.00601   0.00000   0.01223   0.00000   0.00000   0.00860   0.00992   0.00000   0.01172   0.03790   0.02212   0.01715   0.00000   0.00584   0.08886   2.00022   1.33140   0.42657   0.27851   2.71523  
 36 92.7569   2383.331730  x:  0.03683   0.00000   0.01830   0.00415   0.00493   0.00000   0.00000   0.00273   0.00000   0.00000   0.00816   0.00000   0.00000   0.00000   0.00000   0.00000   0.00000   0.00397   0.00144   0.01301   0.00000   0.00000   0.00000   0.02681   0.00565   0.00000   0.00000   0.00000   0.02577   0.00000   0.00000   0.00000   0.00043   0.00582   0.00000   0.01206   0.00000   0.00000   0.00945   0.01375   0.00000   0.01233   0.03795   0.02113   0.01693   0.00000   0.00526   0.08905   2.00146   1.33119   0.42740   0.28289   2.71381  
 37 52.0430   2377.901836  x:  0.03970   0.00000   0.01772   0.00488   0.00721   0.00000   0.00000   0.00329   0.00000   0.00000   0.00958   0.00000   0.00000   0.00000   0.00000   0.00000   0.00000   0.00427   0.00166   0.00272   0.00000   0.00000   0.00000   0.01503   0.00549   0.00000   0.00000   0.00000   0.02244   0.00000   0.00000   0.00000   0.00044   0.00640   0.00000   0.01009   0.00000   0.00000   0.01101   0.01270   0.00000   0.01261   0.03837   0.02176   0.01466   0.00000   0.00607   0.09192   2.01478   1.33124   0.43515   0.33014   2.69963  
 38 138.5255   2375.380686  x:  0.04341   0.00000   0.01735   0.00490   0.00798   0.00000   0.00000   0.00353   0.00000   0.00000   0.00936   0.00000   0.00000   0.00000   0.00000   0.00000   0.00000   0.00340   0.00229   0.00432   0.00000   0.00000   0.00000   0.00716   0.00375   0.00000   0.00000   0.00000   0.02584   0.00000   0.00000   0.00000   0.00046   0.00642   0.00000   0.00442   0.00000   0.00000   0.01103   0.01212   0.00000   0.01180   0.03899   0.02048   0.00986   0.00000   0.00605   0.09563   2.02780   1.34026   0.43675   0.36363   2.69356  
 39 18.3167   2375.072112  x:  0.04409   0.00000   0.01641   0.00483   0.00754   0.00000   0.00000   0.00344   0.00000   0.00000   0.00934   0.00000   0.00000   0.00000   0.00000   0.00000   0.00000   0.00322   0.00225   0.00428   0.00000   0.00000   0.00000   0.00618   0.00397   0.00000   0.00000   0.00000   0.02636   0.00000   0.00000   0.00000   0.00046   0.00633   0.00000   0.00598   0.00000   0.00000   0.01093   0.01205   0.00000   0.01180   0.03824   0.02064   0.00712   0.00000   0.00596   0.09631   2.03866   1.35480   0.43317   0.36608   2.69471  
 40  5.1628   2374.719054  x:  0.04378   0.00000   0.01595   0.00477   0.00740   0.00000   0.00000   0.00339   0.00000   0.00000   0.00907   0.00000   0.00000   0.00000   0.00000   0.00000   0.00000   0.00283   0.00222   0.00416   0.00000   0.00000   0.00000   0.00395   0.00398   0.00000   0.00000   0.00000   0.02664   0.00000   0.00000   0.00000   0.00046   0.00628   0.00000   0.00653   0.00000   0.00000   0.01063   0.01186   0.00000   0.01156   0.03518   0.02024   0.00879   0.00000   0.00591   0.09600   2.05654   1.37558   0.42908   0.36976   2.69420  
 41 12.3146   2373.550700  x:  0.04447   0.00000   0.01553   0.00452   0.00635   0.00000   0.00000   0.00328   0.00000   0.00000   0.00865   0.00000   0.00000   0.00000   0.00000   0.00000   0.00000   0.00302   0.00275   0.00368   0.00000   0.00000   0.00000   0.00473   0.00544   0.00000   0.00000   0.00000   0.02599   0.00000   0.00000   0.00000   0.00049   0.00594   0.00000   0.00488   0.00000   0.00000   0.01008   0.01140   0.00000   0.01124   0.02372   0.01986   0.00789   0.00000   0.00557   0.09669   2.13862   1.46144   0.41014   0.35154   2.69565  
 42 12.8471   2372.941312  x:  0.03861   0.00000   0.01790   0.00473   0.00724   0.00000   0.00000   0.00373   0.00000   0.00000   0.00898   0.00000   0.00000   0.00000   0.00000   0.00000   0.00000   0.00162   0.00298   0.00382   0.00000   0.00000   0.00000   0.00470   0.00504   0.00000   0.00000   0.00000   0.02484   0.00000   0.00000   0.00000   0.00055   0.00621   0.00000   0.00495   0.00000   0.00000   0.01074   0.01169   0.00000   0.01133   0.02288   0.01991   0.00720   0.00000   0.00576   0.09083   2.20633   1.53432   0.39015   0.32751   2.70640  
 43  6.6952   2372.705751  x:  0.03504   0.00000   0.01701   0.00481   0.00693   0.00000   0.00000   0.00377   0.00000   0.00000   0.00929   0.00000   0.00000   0.00000   0.00000   0.00000   0.00000   0.00235   0.00319   0.00369   0.00000   0.00000   0.00000   0.00425   0.00554   0.00000   0.00000   0.00000   0.02620   0.00000   0.00000   0.00000   0.00057   0.00627   0.00000   0.00443   0.00000   0.00000   0.01108   0.01187   0.00000   0.01165   0.02415   0.02053   0.00689   0.00000   0.00582   0.08726   2.24694   1.57851   0.37553   0.31551   2.71896  
 44  5.7769   2372.376874  x:  0.03715   0.00000   0.01925   0.00486   0.00689   0.00000   0.00000   0.00409   0.00000   0.00000   0.00976   0.00000   0.00000   0.00000   0.00000   0.00000   0.00000   0.00319   0.00330   0.00445   0.00000   0.00000   0.00000   0.00418   0.00506   0.00000   0.00000   0.00000   0.02287   0.00000   0.00000   0.00000   0.00065   0.00638   0.00000   0.00525   0.00000   0.00000   0.01167   0.01197   0.00000   0.01189   0.02345   0.02099   0.00722   0.00000   0.00587   0.08936   2.34281   1.64402   0.34755   0.31017   2.75316  
 45  2.7230   2372.240779  x:  0.03786   0.00000   0.01795   0.00511   0.00724   0.00000   0.00000   0.00425   0.00000   0.00000   0.01022   0.00000   0.00000   0.00000   0.00000   0.00000   0.00000   0.00312   0.00335   0.00468   0.00000   0.00000   0.00000   0.00469   0.00502   0.00000   0.00000   0.00000   0.02560   0.00000   0.00000   0.00000   0.00067   0.00666   0.00000   0.00580   0.00000   0.00000   0.01226   0.01217   0.00000   0.01221   0.02279   0.02167   0.00792   0.00000   0.00616   0.09007   2.38963   1.65459   0.34029   0.30849   2.76554  
 46  2.9833   2371.887697  x:  0.03900   0.00000   0.01634   0.00525   0.00688   0.00000   0.00000   0.00441   0.00000   0.00000   0.01045   0.00000   0.00000   0.00000   0.00000   0.00000   0.00000   0.00263   0.00253   0.00539   0.00000   0.00000   0.00000   0.00474   0.00700   0.00000   0.00000   0.00000   0.02384   0.00000   0.00000   0.00000   0.00071   0.00704   0.00000   0.00520   0.00000   0.00000   0.01261   0.01194   0.00000   0.01216   0.02513   0.02196   0.00819   0.00000   0.00657   0.09121   2.52904   1.61601   0.34024   0.32068   2.78014  
 47  1.8380   2371.563401  x:  0.03598   0.00000   0.01430   0.00505   0.00557   0.00000   0.00000   0.00450   0.00000   0.00000   0.01008   0.00000   0.00000   0.00000   0.00000   0.00000   0.00000   0.00268   0.00328   0.00548   0.00000   0.00000   0.00000   0.00535   0.00627   0.00000   0.00000   0.00000   0.02241   0.00000   0.00000   0.00000   0.00081   0.00696   0.00000   0.00584   0.00000   0.00000   0.01234   0.01091   0.00000   0.01130   0.02526   0.02106   0.00864   0.00000   0.00650   0.08818   2.60719   1.51017   0.37339   0.33452   2.74784  
 48  1.4471   2371.357761  x:  0.03466   0.00000   0.01333   0.00523   0.00574   0.00000   0.00000   0.00477   0.00000   0.00000   0.00980   0.00000   0.00000   0.00000   0.00000   0.00000   0.00000   0.00292   0.00214   0.00554   0.00000   0.00000   0.00000   0.00541   0.00560   0.00000   0.00000   0.00000   0.02181   0.00000   0.00000   0.00000   0.00085   0.00738   0.00000   0.00565   0.00000   0.00000   0.01231   0.01055   0.00000   0.01073   0.02349   0.02044   0.00825   0.00000   0.00696   0.08685   2.57425   1.50386   0.40001   0.32753   2.67951  
 49  0.8146   2371.067096  x:  0.03564   0.00000   0.01273   0.00527   0.00444   0.00000   0.00000   0.00527   0.00000   0.00000   0.00997   0.00000   0.00000   0.00000   0.00000   0.00000   0.00000   0.00271   0.00241   0.00540   0.00000   0.00000   0.00000   0.00541   0.00578   0.00000   0.00000   0.00000   0.02153   0.00000   0.00000   0.00000   0.00109   0.00761   0.00000   0.00549   0.00000   0.00000   0.01274   0.01003   0.00000   0.01027   0.02414   0.02047   0.00826   0.00000   0.00717   0.08782   2.41457   1.59879   0.43652   0.29541   2.52441  
 50  1.4844   2370.993929  x:  0.03568   0.00000   0.01326   0.00542   0.00445   0.00000   0.00000   0.00556   0.00000   0.00000   0.01052   0.00000   0.00000   0.00000   0.00000   0.00000   0.00000   0.00277   0.00253   0.00548   0.00000   0.00000   0.00000   0.00522   0.00583   0.00000   0.00000   0.00000   0.02144   0.00000   0.00000   0.00000   0.00120   0.00786   0.00000   0.00538   0.00000   0.00000   0.01339   0.01031   0.00000   0.01059   0.02340   0.02116   0.00809   0.00000   0.00741   0.08784   2.35207   1.56724   0.42656   0.31395   2.56357  
 51  0.4154   2370.890787  x:  0.03666   0.00000   0.01294   0.00553   0.00529   0.00000   0.00000   0.00574   0.00000   0.00000   0.01072   0.00000   0.00000   0.00000   0.00000   0.00000   0.00000   0.00272   0.00281   0.00509   0.00000   0.00000   0.00000   0.00516   0.00504   0.00000   0.00000   0.00000   0.02096   0.00000   0.00000   0.00000   0.00133   0.00816   0.00000   0.00507   0.00000   0.00000   0.01362   0.01040   0.00000   0.01051   0.02392   0.02117   0.00772   0.00000   0.00779   0.08882   2.39918   1.58432   0.42881   0.31448   2.52472  
 52  0.1706   2370.855837  x:  0.03665   0.00000   0.01380   0.00548   0.00498   0.00000   0.00000   0.00591   0.00000   0.00000   0.01061   0.00000   0.00000   0.00000   0.00000   0.00000   0.00000   0.00268   0.00262   0.00492   0.00000   0.00000   0.00000   0.00519   0.00485   0.00000   0.00000   0.00000   0.02153   0.00000   0.00000   0.00000   0.00148   0.00818   0.00000   0.00507   0.00000   0.00000   0.01351   0.01063   0.00000   0.01046   0.02423   0.02109   0.00776   0.00000   0.00784   0.08880   2.44004   1.58195   0.42933   0.31818   2.50220  
 53  0.1080   2370.772125  x:  0.03505   0.00000   0.01383   0.00539   0.00538   0.00000   0.00000   0.00589   0.00000   0.00000   0.01056   0.00000   0.00000   0.00000   0.00000   0.00000   0.00000   0.00249   0.00258   0.00529   0.00000   0.00000   0.00000   0.00530   0.00532   0.00000   0.00000   0.00000   0.02096   0.00000   0.00000   0.00000   0.00178   0.00829   0.00000   0.00538   0.00000   0.00000   0.01330   0.01109   0.00000   0.01063   0.02423   0.02114   0.00827   0.00000   0.00822   0.08718   2.41458   1.65365   0.39149   0.32372   2.48420  
 54  0.1125   2370.690075  x:  0.03567   0.00000   0.01285   0.00525   0.00509   0.00000   0.00000   0.00541   0.00000   0.00000   0.01071   0.00000   0.00000   0.00000   0.00000   0.00000   0.00000   0.00245   0.00266   0.00549   0.00000   0.00000   0.00000   0.00512   0.00535   0.00000   0.00000   0.00000   0.02133   0.00000   0.00000   0.00000   0.00219   0.00806   0.00000   0.00531   0.00000   0.00000   0.01332   0.01042   0.00000   0.01057   0.02338   0.02118   0.00800   0.00000   0.00846   0.08779   2.45578   1.71011   0.34749   0.35666   2.51182  
 55  0.0596   2370.645197  x:  0.03611   0.00000   0.01346   0.00511   0.00533   0.00000   0.00000   0.00518   0.00000   0.00000   0.01050   0.00000   0.00000   0.00000   0.00000   0.00000   0.00000   0.00271   0.00264   0.00536   0.00000   0.00000   0.00000   0.00534   0.00523   0.00000   0.00000   0.00000   0.02098   0.00000   0.00000   0.00000   0.00251   0.00774   0.00000   0.00528   0.00000   0.00000   0.01310   0.01041   0.00000   0.01053   0.02398   0.02100   0.00793   0.00000   0.00826   0.08823   2.40642   1.81259   0.28953   0.38481   2.60120  
 56  0.0979   2370.623727  x:  0.03577   0.00000   0.01313   0.00515   0.00534   0.00000   0.00000   0.00522   0.00000   0.00000   0.01052   0.00000   0.00000   0.00000   0.00000   0.00000   0.00000   0.00267   0.00263   0.00516   0.00000   0.00000   0.00000   0.00520   0.00533   0.00000   0.00000   0.00000   0.02145   0.00000   0.00000   0.00000   0.00273   0.00769   0.00000   0.00523   0.00000   0.00000   0.01317   0.01093   0.00000   0.01067   0.02399   0.02117   0.00793   0.00000   0.00792   0.08789   2.42051   1.93983   0.23086   0.40865   2.74706  
 57  0.0969   2370.608302  x:  0.03547   0.00000   0.01334   0.00531   0.00527   0.00000   0.00000   0.00510   0.00000   0.00000   0.01059   0.00000   0.00000   0.00000   0.00000   0.00000   0.00000   0.00263   0.00263   0.00515   0.00000   0.00000   0.00000   0.00519   0.00530   0.00000   0.00000   0.00000   0.02102   0.00000   0.00000   0.00000   0.00284   0.00787   0.00000   0.00520   0.00000   0.00000   0.01343   0.01044   0.00000   0.01053   0.02384   0.02122   0.00799   0.00000   0.00780   0.08759   2.43082   2.07567   0.17441   0.42972   2.91638  
 58  0.1292   2370.596677  x:  0.03604   0.00000   0.01317   0.00532   0.00529   0.00000   0.00000   0.00530   0.00000   0.00000   0.01045   0.00000   0.00000   0.00000   0.00000   0.00000   0.00000   0.00263   0.00262   0.00532   0.00000   0.00000   0.00000   0.00526   0.00524   0.00000   0.00000   0.00000   0.02114   0.00000   0.00000   0.00000   0.00287   0.00811   0.00000   0.00531   0.00000   0.00000   0.01327   0.01048   0.00000   0.01051   0.02392   0.02102   0.00797   0.00000   0.00766   0.08817   2.41570   2.20426   0.11445   0.45256   3.10160  
 59  0.1257   2370.585032  x:  0.03602   0.00000   0.01335   0.00526   0.00525   0.00000   0.00000   0.00516   0.00000   0.00000   0.01062   0.00000   0.00000   0.00000   0.00000   0.00000   0.00000   0.00259   0.00264   0.00532   0.00000   0.00000   0.00000   0.00527   0.00525   0.00000   0.00000   0.00000   0.02110   0.00000   0.00000   0.00000   0.00269   0.00818   0.00000   0.00520   0.00000   0.00000   0.01313   0.01067   0.00000   0.01070   0.02389   0.02108   0.00797   0.00000   0.00782   0.08816   2.42959   2.37468   0.01488   0.47861   3.37279  
 60  0.0836   2370.580363  x:  0.03589   0.00000   0.01324   0.00525   0.00528   0.00000   0.00000   0.00518   0.00000   0.00000   0.01056   0.00000   0.00000   0.00000   0.00000   0.00000   0.00000   0.00262   0.00262   0.00525   0.00000   0.00000   0.00000   0.00524   0.00523   0.00000   0.00000   0.00000   0.02124   0.00000   0.00000   0.00000   0.00264   0.00803   0.00000   0.00527   0.00000   0.00000   0.01317   0.01052   0.00000   0.01055   0.02396   0.02110   0.00800   0.00000   0.00788   0.08805   2.41840   2.46635  -0.05011   0.49493   3.49471  
 61  0.1044   2370.579449  x:  0.03588   0.00000   0.01322   0.00524   0.00527   0.00000   0.00000   0.00524   0.00000   0.00000   0.01051   0.00000   0.00000   0.00000   0.00000   0.00000   0.00000   0.00263   0.00262   0.00523   0.00000   0.00000   0.00000   0.00524   0.00525   0.00000   0.00000   0.00000   0.02115   0.00000   0.00000   0.00000   0.00260   0.00795   0.00000   0.00526   0.00000   0.00000   0.01320   0.01053   0.00000   0.01052   0.02392   0.02108   0.00798   0.00000   0.00792   0.08804   2.41939   2.45197  -0.05136   0.49065   3.47029  
 62  0.0279   2370.579142  x:  0.03591   0.00000   0.01323   0.00524   0.00526   0.00000   0.00000   0.00526   0.00000   0.00000   0.01051   0.00000   0.00000   0.00000   0.00000   0.00000   0.00000   0.00263   0.00262   0.00525   0.00000   0.00000   0.00000   0.00525   0.00526   0.00000   0.00000   0.00000   0.02111   0.00000   0.00000   0.00000   0.00261   0.00791   0.00000   0.00525   0.00000   0.00000   0.01323   0.01056   0.00000   0.01055   0.02391   0.02107   0.00797   0.00000   0.00792   0.08807   2.42166   2.46645  -0.07643   0.49436   3.47986  
 63  0.0239   2370.578822  x:  0.03585   0.00000   0.01325   0.00524   0.00526   0.00000   0.00000   0.00526   0.00000   0.00000   0.01053   0.00000   0.00000   0.00000   0.00000   0.00000   0.00000   0.00262   0.00263   0.00528   0.00000   0.00000   0.00000   0.00526   0.00524   0.00000   0.00000   0.00000   0.02119   0.00000   0.00000   0.00000   0.00261   0.00790   0.00000   0.00526   0.00000   0.00000   0.01326   0.01055   0.00000   0.01058   0.02393   0.02107   0.00797   0.00000   0.00795   0.08802   2.42130   2.45013  -0.10615   0.49245   3.43981  
 64  0.0210   2370.578124  x:  0.03583   0.00000   0.01324   0.00523   0.00526   0.00000   0.00000   0.00526   0.00000   0.00000   0.01053   0.00000   0.00000   0.00000   0.00000   0.00000   0.00000   0.00262   0.00262   0.00526   0.00000   0.00000   0.00000   0.00525   0.00524   0.00000   0.00000   0.00000   0.02112   0.00000   0.00000   0.00000   0.00258   0.00794   0.00000   0.00525   0.00000   0.00000   0.01320   0.01055   0.00000   0.01053   0.02391   0.02107   0.00800   0.00000   0.00793   0.08803   2.42001   2.42911  -0.21383   0.49356   3.37733  
 65  0.0309   2370.577801  x:  0.03581   0.00000   0.01323   0.00525   0.00526   0.00000   0.00000   0.00524   0.00000   0.00000   0.01051   0.00000   0.00000   0.00000   0.00000   0.00000   0.00000   0.00263   0.00263   0.00524   0.00000   0.00000   0.00000   0.00525   0.00527   0.00000   0.00000   0.00000   0.02117   0.00000   0.00000   0.00000   0.00255   0.00795   0.00000   0.00525   0.00000   0.00000   0.01321   0.01054   0.00000   0.01055   0.02392   0.02108   0.00795   0.00000   0.00789   0.08802   2.42080   2.42629  -0.27353   0.49496   3.37463  
 66  0.0250   2370.576864  x:  0.03573   0.00000   0.01320   0.00527   0.00526   0.00000   0.00000   0.00524   0.00000   0.00000   0.01050   0.00000   0.00000   0.00000   0.00000   0.00000   0.00000   0.00264   0.00263   0.00528   0.00000   0.00000   0.00000   0.00528   0.00522   0.00000   0.00000   0.00000   0.02111   0.00000   0.00000   0.00000   0.00256   0.00795   0.00000   0.00525   0.00000   0.00000   0.01332   0.01058   0.00000   0.01059   0.02391   0.02104   0.00800   0.00000   0.00782   0.08800   2.42188   2.41236  -0.46953   0.49660   3.34978  
 67  0.0248   2370.574259  x:  0.03581   0.00000   0.01328   0.00523   0.00529   0.00000   0.00000   0.00525   0.00000   0.00000   0.01050   0.00000   0.00000   0.00000   0.00000   0.00000   0.00000   0.00260   0.00260   0.00529   0.00000   0.00000   0.00000   0.00524   0.00526   0.00000   0.00000   0.00000   0.02117   0.00000   0.00000   0.00000   0.00258   0.00793   0.00000   0.00524   0.00000   0.00000   0.01332   0.01053   0.00000   0.01054   0.02393   0.02108   0.00802   0.00000   0.00785   0.08828   2.41969   2.41747  -1.07861   0.50793   3.34428  
 68  0.1407   2370.572557  x:  0.03574   0.00000   0.01325   0.00522   0.00527   0.00000   0.00000   0.00525   0.00000   0.00000   0.01050   0.00000   0.00000   0.00000   0.00000   0.00000   0.00000   0.00260   0.00262   0.00525   0.00000   0.00000   0.00000   0.00523   0.00525   0.00000   0.00000   0.00000   0.02115   0.00000   0.00000   0.00000   0.00261   0.00792   0.00000   0.00526   0.00000   0.00000   0.01321   0.01054   0.00000   0.01053   0.02392   0.02109   0.00797   0.00000   0.00793   0.08831   2.41996   2.39796  -1.37151   0.50410   3.33306  
 69  0.1836   2370.571746  x:  0.03559   0.00000   0.01322   0.00523   0.00526   0.00000   0.00000   0.00525   0.00000   0.00000   0.01051   0.00000   0.00000   0.00000   0.00000   0.00000   0.00000   0.00262   0.00263   0.00524   0.00000   0.00000   0.00000   0.00524   0.00524   0.00000   0.00000   0.00000   0.02114   0.00000   0.00000   0.00000   0.00261   0.00793   0.00000   0.00526   0.00000   0.00000   0.01319   0.01055   0.00000   0.01055   0.02392   0.02108   0.00795   0.00000   0.00795   0.08832   2.42045   2.39235  -1.82254   0.50917   3.30579  
 70  0.4763   2370.570916  x:  0.03548   0.00000   0.01323   0.00528   0.00526   0.00000   0.00000   0.00527   0.00000   0.00000   0.01054   0.00000   0.00000   0.00000   0.00000   0.00000   0.00000   0.00264   0.00262   0.00525   0.00000   0.00000   0.00000   0.00527   0.00527   0.00000   0.00000   0.00000   0.02118   0.00000   0.00000   0.00000   0.00261   0.00795   0.00000   0.00524   0.00000   0.00000   0.01325   0.01055   0.00000   0.01058   0.02393   0.02106   0.00800   0.00000   0.00792   0.08842   2.42077   2.39612  -2.45031   0.51016   3.29616  
 71  0.2387   2370.570342  x:  0.03538   0.00000   0.01323   0.00523   0.00526   0.00000   0.00000   0.00525   0.00000   0.00000   0.01052   0.00000   0.00000   0.00000   0.00000   0.00000   0.00000   0.00263   0.00263   0.00526   0.00000   0.00000   0.00000   0.00524   0.00525   0.00000   0.00000   0.00000   0.02114   0.00000   0.00000   0.00000   0.00260   0.00794   0.00000   0.00526   0.00000   0.00000   0.01321   0.01055   0.00000   0.01053   0.02393   0.02106   0.00797   0.00000   0.00792   0.08852   2.42023   2.41971  -3.01654   0.51324   3.34219  
 72  0.2279   2370.570076  x:  0.03526   0.00000   0.01324   0.00524   0.00526   0.00000   0.00000   0.00525   0.00000   0.00000   0.01052   0.00000   0.00000   0.00000   0.00000   0.00000   0.00000   0.00262   0.00262   0.00525   0.00000   0.00000   0.00000   0.00524   0.00525   0.00000   0.00000   0.00000   0.02115   0.00000   0.00000   0.00000   0.00260   0.00793   0.00000   0.00525   0.00000   0.00000   0.01322   0.01055   0.00000   0.01056   0.02392   0.02108   0.00797   0.00000   0.00791   0.08868   2.42050   2.40013  -3.77154   0.51214   3.29814  
 73  0.3378   2370.569949  x:  0.03516   0.00000   0.01323   0.00524   0.00526   0.00000   0.00000   0.00525   0.00000   0.00000   0.01051   0.00000   0.00000   0.00000   0.00000   0.00000   0.00000   0.00262   0.00262   0.00525   0.00000   0.00000   0.00000   0.00525   0.00525   0.00000   0.00000   0.00000   0.02115   0.00000   0.00000   0.00000   0.00260   0.00793   0.00000   0.00525   0.00000   0.00000   0.01323   0.01055   0.00000   0.01056   0.02392   0.02108   0.00798   0.00000   0.00791   0.08875   2.42046   2.40295  -4.21398   0.51143   3.30966  
 74  0.2766   2370.569874  x:  0.03502   0.00000   0.01323   0.00525   0.00526   0.00000   0.00000   0.00525   0.00000   0.00000   0.01051   0.00000   0.00000   0.00000   0.00000   0.00000   0.00000   0.00263   0.00262   0.00525   0.00000   0.00000   0.00000   0.00525   0.00525   0.00000   0.00000   0.00000   0.02115   0.00000   0.00000   0.00000   0.00260   0.00794   0.00000   0.00525   0.00000   0.00000   0.01323   0.01055   0.00000   0.01055   0.02392   0.02107   0.00798   0.00000   0.00791   0.08888   2.42033   2.40794  -4.93840   0.51324   3.31924  
 75  0.5939   2370.569823  x:  0.03487   0.00000   0.01324   0.00524   0.00526   0.00000   0.00000   0.00525   0.00000   0.00000   0.01052   0.00000   0.00000   0.00000   0.00000   0.00000   0.00000   0.00262   0.00263   0.00526   0.00000   0.00000   0.00000   0.00524   0.00525   0.00000   0.00000   0.00000   0.02115   0.00000   0.00000   0.00000   0.00260   0.00793   0.00000   0.00526   0.00000   0.00000   0.01322   0.01055   0.00000   0.01054   0.02393   0.02107   0.00797   0.00000   0.00792   0.08907   2.42040   2.40266  -5.86814   0.51222   3.30634  
 76  0.3974   2370.569802  x:  0.03472   0.00000   0.01323   0.00524   0.00526   0.00000   0.00000   0.00525   0.00000   0.00000   0.01052   0.00000   0.00000   0.00000   0.00000   0.00000   0.00000   0.00263   0.00262   0.00525   0.00000   0.00000   0.00000   0.00525   0.00525   0.00000   0.00000   0.00000   0.02115   0.00000   0.00000   0.00000   0.00260   0.00794   0.00000   0.00525   0.00000   0.00000   0.01323   0.01055   0.00000   0.01055   0.02392   0.02107   0.00798   0.00000   0.00791   0.08919   2.42045   2.40597  -6.55303   0.51278   3.31409  
 77  0.3248   2370.569792  x:  0.03451   0.00000   0.01323   0.00524   0.00526   0.00000   0.00000   0.00525   0.00000   0.00000   0.01052   0.00000   0.00000   0.00000   0.00000   0.00000   0.00000   0.00262   0.00262   0.00526   0.00000   0.00000   0.00000   0.00525   0.00525   0.00000   0.00000   0.00000   0.02115   0.00000   0.00000   0.00000   0.00260   0.00793   0.00000   0.00525   0.00000   0.00000   0.01322   0.01055   0.00000   0.01055   0.02392   0.02107   0.00797   0.00000   0.00792   0.08941   2.42034   2.40490  -7.70027   0.51250   3.31089  
 78  0.3433   2370.569788  x:  0.03439   0.00000   0.01323   0.00524   0.00526   0.00000   0.00000   0.00525   0.00000   0.00000   0.01052   0.00000   0.00000   0.00000   0.00000   0.00000   0.00000   0.00262   0.00262   0.00525   0.00000   0.00000   0.00000   0.00525   0.00525   0.00000   0.00000   0.00000   0.02115   0.00000   0.00000   0.00000   0.00260   0.00794   0.00000   0.00525   0.00000   0.00000   0.01323   0.01055   0.00000   0.01055   0.02392   0.02107   0.00798   0.00000   0.00792   0.08953   2.42043   2.40534  -8.33723   0.51268   3.31258  
 79  0.3368   2370.569787  x:  0.03412   0.00000   0.01323   0.00524   0.00526   0.00000   0.00000   0.00525   0.00000   0.00000   0.01052   0.00000   0.00000   0.00000   0.00000   0.00000   0.00000   0.00262   0.00262   0.00525   0.00000   0.00000   0.00000   0.00525   0.00525   0.00000   0.00000   0.00000   0.02115   0.00000   0.00000   0.00000   0.00260   0.00793   0.00000   0.00525   0.00000   0.00000   0.01322   0.01055   0.00000   0.01055   0.02392   0.02107   0.00798   0.00000   0.00792   0.08980   2.42037   2.40501  -9.70802   0.51257   3.31161  
 80  0.3483   2370.569786  x:  0.03400   0.00000   0.01323   0.00524   0.00526   0.00000   0.00000   0.00525   0.00000   0.00000   0.01052   0.00000   0.00000   0.00000   0.00000   0.00000   0.00000   0.00262   0.00262   0.00525   0.00000   0.00000   0.00000   0.00525   0.00525   0.00000   0.00000   0.00000   0.02115   0.00000   0.00000   0.00000   0.00260   0.00794   0.00000   0.00525   0.00000   0.00000   0.01323   0.01055   0.00000   0.01055   0.02392   0.02107   0.00798   0.00000   0.00792   0.08992   2.42042   2.40521  -10.30208   0.51264   3.31224  
 81  0.3366   2370.569786  x:  0.03377   0.00000   0.01323   0.00524   0.00526   0.00000   0.00000   0.00525   0.00000   0.00000   0.01052   0.00000   0.00000   0.00000   0.00000   0.00000   0.00000   0.00262   0.00262   0.00525   0.00000   0.00000   0.00000   0.00525   0.00525   0.00000   0.00000   0.00000   0.02115   0.00000   0.00000   0.00000   0.00260   0.00793   0.00000   0.00525   0.00000   0.00000   0.01322   0.01055   0.00000   0.01055   0.02392   0.02107   0.00798   0.00000   0.00792   0.09015   2.42039   2.40521  -11.48339   0.51262   3.31204  
 82  0.3163   2370.569786  x:  0.03362   0.00000   0.01323   0.00524   0.00526   0.00000   0.00000   0.00525   0.00000   0.00000   0.01052   0.00000   0.00000   0.00000   0.00000   0.00000   0.00000   0.00262   0.00262   0.00525   0.00000   0.00000   0.00000   0.00525   0.00525   0.00000   0.00000   0.00000   0.02115   0.00000   0.00000   0.00000   0.00260   0.00794   0.00000   0.00525   0.00000   0.00000   0.01322   0.01055   0.00000   0.01055   0.02392   0.02107   0.00798   0.00000   0.00792   0.09030   2.42041   2.40520  -12.22028   0.51263   3.31216  
 83  0.3741   2370.569786  x:  0.03348   0.00000   0.01323   0.00524   0.00526   0.00000   0.00000   0.00525   0.00000   0.00000   0.01052   0.00000   0.00000   0.00000   0.00000   0.00000   0.00000   0.00262   0.00262   0.00525   0.00000   0.00000   0.00000   0.00525   0.00525   0.00000   0.00000   0.00000   0.02115   0.00000   0.00000   0.00000   0.00260   0.00794   0.00000   0.00525   0.00000   0.00000   0.01322   0.01055   0.00000   0.01055   0.02392   0.02107   0.00798   0.00000   0.00792   0.09044   2.42040   2.40519  -12.91785   0.51263   3.31211  
 84  0.3335   2370.569786  x:  0.03291   0.00000   0.01323   0.00524   0.00526   0.00000   0.00000   0.00525   0.00000   0.00000   0.01052   0.00000   0.00000   0.00000   0.00000   0.00000   0.00000   0.00262   0.00262   0.00525   0.00000   0.00000   0.00000   0.00525   0.00525   0.00000   0.00000   0.00000   0.02115   0.00000   0.00000   0.00000   0.00260   0.00794   0.00000   0.00525   0.00000   0.00000   0.01322   0.01055   0.00000   0.01055   0.02392   0.02107   0.00798   0.00000   0.00792   0.09101   2.42040   2.40518  -15.70815   0.51262   3.31208  
 85  0.5355   2370.569786  x:  0.03289   0.00000   0.01323   0.00524   0.00526   0.00000   0.00000   0.00525   0.00000   0.00000   0.01052   0.00000   0.00000   0.00000   0.00000   0.00000   0.00000   0.00262   0.00262   0.00525   0.00000   0.00000   0.00000   0.00525   0.00525   0.00000   0.00000   0.00000   0.02115   0.00000   0.00000   0.00000   0.00260   0.00794   0.00000   0.00525   0.00000   0.00000   0.01322   0.01055   0.00000   0.01055   0.02392   0.02107   0.00798   0.00000   0.00792   0.09102   2.42040   2.40519  -15.78912   0.51262   3.31210  
 86  0.1272   2370.569786  x:  0.03288   0.00000   0.01323   0.00524   0.00526   0.00000   0.00000   0.00525   0.00000   0.00000   0.01052   0.00000   0.00000   0.00000   0.00000   0.00000   0.00000   0.00262   0.00262   0.00525   0.00000   0.00000   0.00000   0.00525   0.00525   0.00000   0.00000   0.00000   0.02115   0.00000   0.00000   0.00000   0.00260   0.00794   0.00000   0.00525   0.00000   0.00000   0.01322   0.01055   0.00000   0.01055   0.02392   0.02107   0.00798   0.00000   0.00792   0.09103   2.42040   2.40519  -15.83677   0.51262   3.31210  
 87  0.3642   2370.569786  x:  0.03288   0.00000   0.01323   0.00524   0.00526   0.00000   0.00000   0.00525   0.00000   0.00000   0.01052   0.00000   0.00000   0.00000   0.00000   0.00000   0.00000   0.00262   0.00262   0.00525   0.00000   0.00000   0.00000   0.00525   0.00525   0.00000   0.00000   0.00000   0.02115   0.00000   0.00000   0.00000   0.00260   0.00794   0.00000   0.00525   0.00000   0.00000   0.01322   0.01055   0.00000   0.01055   0.02392   0.02107   0.00798   0.00000   0.00792   0.09103   2.42040   2.40519  -15.83752   0.51262   3.31210  
 88  0.1345   2370.569786  x:  0.03288   0.00000   0.01323   0.00524   0.00526   0.00000   0.00000   0.00525   0.00000   0.00000   0.01052   0.00000   0.00000   0.00000   0.00000   0.00000   0.00000   0.00262   0.00262   0.00525   0.00000   0.00000   0.00000   0.00525   0.00525   0.00000   0.00000   0.00000   0.02115   0.00000   0.00000   0.00000   0.00260   0.00794   0.00000   0.00525   0.00000   0.00000   0.01322   0.01055   0.00000   0.01055   0.02392   0.02107   0.00798   0.00000   0.00792   0.09103   2.42040   2.40519  -15.83752   0.51262   3.31210  
 89  0.0218   2370.569786  x:  0.03289   0.00000   0.01323   0.00524   0.00526   0.00000   0.00000   0.00525   0.00000   0.00000   0.01052   0.00000   0.00000   0.00000   0.00000   0.00000   0.00000   0.00262   0.00262   0.00525   0.00000   0.00000   0.00000   0.00525   0.00525   0.00000   0.00000   0.00000   0.02115   0.00000   0.00000   0.00000   0.00260   0.00794   0.00000   0.00525   0.00000   0.00000   0.01322   0.01055   0.00000   0.01055   0.02392   0.02107   0.00798   0.00000   0.00792   0.09103   2.42040   2.40518  -15.83731   0.51262   3.31210  
 90  0.0375   2370.569786  x:  0.03288   0.00000   0.01323   0.00524   0.00526   0.00000   0.00000   0.00525   0.00000   0.00000   0.01052   0.00000   0.00000   0.00000   0.00000   0.00000   0.00000   0.00262   0.00262   0.00525   0.00000   0.00000   0.00000   0.00525   0.00525   0.00000   0.00000   0.00000   0.02115   0.00000   0.00000   0.00000   0.00260   0.00794   0.00000   0.00525   0.00000   0.00000   0.01322   0.01055   0.00000   0.01055   0.02392   0.02107   0.00798   0.00000   0.00792   0.09103   2.42040   2.40518  -15.83733   0.51262   3.31210  