

TREE # 1

  0  0.0000   3112.721354  x:  0.10160   0.01952   0.02571   0.10356   0.04597   0.08090   0.10530   0.04280   0.08319   0.05874   0.10010   0.02092   0.02664   0.07959   0.08485   0.06370   0.05985   0.06224   0.05144   0.01909   0.10549   0.01130   0.04348   0.03128   0.07369   0.02148   0.08814   0.10929   0.04415   0.10374   0.06730   0.03836   0.01189   0.01912   0.04527   0.05773   0.10122   0.08120   0.04519   0.10303   0.02764   0.06321   0.04142   0.08703   0.06249   0.02059   0.10998   0.06685   2.00000   1.09873   0.01021   0.24429  
  1 99.0000   2981.767481  x:  0.10030   0.00905   0.02128   0.09318   0.03631   0.06969   0.09414   0.03317   0.07198   0.04753   0.09042   0.00957   0.01530   0.06835   0.07362   0.05243   0.04859   0.05157   0.04085   0.01141   0.09431   0.00000   0.03222   0.02227   0.06346   0.01015   0.07692   0.09813   0.03943   0.09260   0.05610   0.02711   0.00351   0.01353   0.03405   0.04771   0.09005   0.07000   0.03805   0.09333   0.01638   0.05429   0.03818   0.07920   0.05303   0.00928   0.09983   0.06543   1.99971   1.09674   0.01219   0.23095  
  2 1888.7895   2884.853771  x:  0.09939   0.00093   0.02015   0.08480   0.02920   0.06055   0.08499   0.02607   0.06280   0.03838   0.08275   0.00025   0.00599   0.05912   0.06441   0.04318   0.03935   0.04302   0.03247   0.00923   0.08513   0.00000   0.02299   0.01644   0.05534   0.00086   0.06772   0.08898   0.03684   0.08345   0.04692   0.01788   0.00709   0.01294   0.02489   0.03993   0.08088   0.06082   0.03346   0.08560   0.00713   0.04759   0.03659   0.07332   0.04578   0.00000   0.09167   0.06440   1.99957   1.09601   0.01292   0.22613  
  3 29778.2859   2882.435993  x:  0.09937   0.00072   0.02012   0.08458   0.02902   0.06031   0.08476   0.02589   0.06257   0.03814   0.08255   0.00000   0.00575   0.05889   0.06417   0.04295   0.03911   0.04280   0.03225   0.00919   0.08489   0.00000   0.02276   0.01630   0.05513   0.00062   0.06748   0.08874   0.03678   0.08321   0.04669   0.01764   0.00716   0.01293   0.02465   0.03973   0.08065   0.06058   0.03334   0.08540   0.00689   0.04742   0.03655   0.07317   0.04559   0.00000   0.09146   0.06437   1.99957   1.09599   0.01294   0.22603  
  4 2136816.9086   2876.201511  x:  0.09934   0.00007   0.02014   0.08402   0.02842   0.05971   0.08415   0.02525   0.06196   0.03754   0.08204   0.00000   0.00514   0.05828   0.06357   0.04234   0.03850   0.04220   0.03163   0.00914   0.08428   0.00000   0.02215   0.01554   0.05457   0.00000   0.06688   0.08814   0.03663   0.08261   0.04608   0.01704   0.00724   0.01327   0.02405   0.03916   0.08004   0.05998   0.03298   0.08488   0.00628   0.04693   0.03651   0.07275   0.04505   0.00000   0.09091   0.06433   1.99956   1.09596   0.01297   0.22574  
  5 55613.9628   2875.847742  x:  0.09935   0.00000   0.02015   0.08399   0.02837   0.05968   0.08412   0.02519   0.06193   0.03751   0.08201   0.00000   0.00511   0.05825   0.06353   0.04230   0.03847   0.04216   0.03159   0.00914   0.08425   0.00000   0.02211   0.01549   0.05454   0.00000   0.06684   0.08811   0.03663   0.08258   0.04605   0.01700   0.00725   0.01323   0.02402   0.03911   0.08001   0.05995   0.03296   0.08485   0.00625   0.04689   0.03652   0.07273   0.04501   0.00000   0.09088   0.06433   1.99955   1.09597   0.01296   0.22575  
  6 9597.0498   2820.550330  x:  0.10010   0.00000   0.01729   0.07857   0.01868   0.05448   0.07903   0.01487   0.05679   0.03253   0.07693   0.00000   0.00000   0.05310   0.05839   0.03714   0.03330   0.03485   0.02218   0.00330   0.07902   0.00000   0.01722   0.01528   0.04810   0.00000   0.06179   0.08312   0.03514   0.07756   0.04097   0.01189   0.00913   0.01304   0.01901   0.03048   0.07498   0.05502   0.02923   0.07962   0.00109   0.04003   0.03514   0.06786   0.03739   0.00000   0.08548   0.06431   1.99918   1.09754   0.01133   0.22829  
  7 8804.9473   2808.967591  x:  0.10019   0.00000   0.01624   0.07739   0.01666   0.05339   0.07797   0.01289   0.05572   0.03151   0.07581   0.00000   0.00000   0.05202   0.05731   0.03606   0.03222   0.03322   0.02009   0.00381   0.07792   0.00000   0.01621   0.01553   0.04666   0.00000   0.06073   0.08207   0.03453   0.07651   0.03991   0.01082   0.00952   0.01287   0.01797   0.02856   0.07393   0.05399   0.02833   0.07845   0.00000   0.03848   0.03454   0.06673   0.03567   0.00000   0.08429   0.06422   1.99908   1.09780   0.01105   0.22805  
  8 18627.8470   2707.265792  x:  0.09931   0.00000   0.02105   0.06518   0.00935   0.04227   0.06746   0.01577   0.04523   0.02121   0.06395   0.00000   0.00000   0.04112   0.04642   0.02513   0.02132   0.01668   0.00206   0.00298   0.06675   0.00000   0.00598   0.01204   0.03177   0.00000   0.05012   0.07159   0.02800   0.06594   0.02917   0.00000   0.01277   0.01077   0.00759   0.01177   0.06337   0.04371   0.02234   0.06635   0.00000   0.02506   0.02929   0.05514   0.02048   0.00000   0.07180   0.06152   1.99784   1.10050   0.00821   0.22224  
  9 6281.1682   2656.138447  x:  0.09902   0.00000   0.02077   0.05819   0.00674   0.03581   0.06132   0.01459   0.03908   0.01518   0.05722   0.00000   0.00000   0.03477   0.04008   0.01877   0.01504   0.00801   0.00544   0.00251   0.06025   0.00000   0.00000   0.00919   0.02361   0.00000   0.04395   0.06548   0.02580   0.05979   0.02293   0.00000   0.01462   0.00959   0.00159   0.00491   0.05723   0.03771   0.01958   0.05951   0.00000   0.01859   0.02770   0.04889   0.01327   0.00000   0.06465   0.06015   1.99713   1.10208   0.00655   0.21941  
 10 8937.6838   2643.525327  x:  0.09900   0.00000   0.02025   0.05634   0.00670   0.03406   0.05965   0.01366   0.03741   0.01354   0.05546   0.00000   0.00000   0.03305   0.03837   0.01705   0.01333   0.00636   0.00523   0.00238   0.05850   0.00000   0.00000   0.00832   0.02163   0.00000   0.04228   0.06383   0.02558   0.05812   0.02125   0.00000   0.01509   0.00930   0.00000   0.00561   0.05556   0.03609   0.01904   0.05774   0.00000   0.01743   0.02760   0.04736   0.01219   0.00000   0.06277   0.05984   1.99694   1.10246   0.00614   0.21858  
 11 11154.4136   2557.922121  x:  0.09925   0.00000   0.01707   0.04241   0.00739   0.02059   0.04667   0.00490   0.02438   0.00066   0.04245   0.00000   0.00000   0.01974   0.02508   0.00371   0.00000   0.00582   0.00261   0.00154   0.04490   0.00000   0.00000   0.00290   0.00934   0.00000   0.02931   0.05102   0.02568   0.04519   0.00817   0.00000   0.01838   0.00745   0.00000   0.00190   0.04257   0.02341   0.01623   0.04470   0.00000   0.01395   0.02873   0.03719   0.01209   0.00000   0.04869   0.05785   1.99549   1.10491   0.00352   0.21062  
 12 16375.7007   2553.893772  x:  0.09933   0.00000   0.01730   0.04172   0.00684   0.01992   0.04602   0.00459   0.02373   0.00000   0.04183   0.00000   0.00000   0.01908   0.02441   0.00304   0.00000   0.00601   0.00262   0.00152   0.04422   0.00000   0.00000   0.00288   0.00898   0.00000   0.02866   0.05037   0.02567   0.04454   0.00751   0.00000   0.01852   0.00740   0.00000   0.00199   0.04191   0.02277   0.01597   0.04407   0.00000   0.01377   0.02884   0.03671   0.01199   0.00000   0.04801   0.05782   1.99541   1.10501   0.00341   0.21008  
 13 14443.9391   2538.218267  x:  0.10079   0.00000   0.01655   0.03897   0.00517   0.01691   0.04301   0.00450   0.02072   0.00000   0.03949   0.00000   0.00000   0.01605   0.02139   0.00000   0.00000   0.00511   0.00223   0.00143   0.04114   0.00000   0.00000   0.00257   0.01106   0.00000   0.02569   0.04747   0.02677   0.04159   0.00453   0.00000   0.01912   0.00720   0.00000   0.00171   0.03894   0.01988   0.01472   0.04176   0.00000   0.01348   0.03061   0.03538   0.01106   0.00000   0.04533   0.05862   1.99505   1.10534   0.00304   0.20776  
 14 6570.7131   2517.967699  x:  0.10503   0.00000   0.01825   0.03561   0.00723   0.01250   0.03833   0.00185   0.01603   0.00000   0.03715   0.00000   0.00000   0.01151   0.01685   0.00000   0.00000   0.00492   0.00194   0.00143   0.03652   0.00000   0.00000   0.00400   0.01244   0.00000   0.02121   0.04311   0.02703   0.03712   0.00000   0.00000   0.01973   0.00718   0.00000   0.00123   0.03445   0.01552   0.01285   0.03939   0.00000   0.01078   0.03247   0.03430   0.00781   0.00000   0.04220   0.06153   1.99442   1.10561   0.00266   0.20355  
 15 4373.6770   2473.370127  x:  0.11789   0.00000   0.01518   0.02810   0.00755   0.00147   0.02628   0.00342   0.00402   0.00000   0.03277   0.00000   0.00000   0.00000   0.00537   0.00000   0.00000   0.00875   0.00141   0.00121   0.02484   0.00000   0.00000   0.00283   0.00960   0.00000   0.00981   0.03209   0.02523   0.02578   0.00000   0.00000   0.02169   0.00630   0.00000   0.00124   0.02302   0.00447   0.00957   0.03469   0.00000   0.00300   0.03330   0.03243   0.00255   0.00000   0.03547   0.07069   1.99285   1.10682   0.00117   0.19744  
 16 6385.4774   2467.335995  x:  0.11966   0.00000   0.01513   0.02715   0.00738   0.00000   0.02466   0.00341   0.00240   0.00000   0.03225   0.00000   0.00000   0.00000   0.00383   0.00000   0.00000   0.00837   0.00137   0.00118   0.02327   0.00000   0.00000   0.00277   0.00898   0.00000   0.00828   0.03062   0.02467   0.02426   0.00000   0.00000   0.02194   0.00620   0.00000   0.00119   0.02149   0.00299   0.00919   0.03411   0.00000   0.00309   0.03310   0.03213   0.00252   0.00000   0.03463   0.07194   1.99263   1.10698   0.00097   0.19655  
 17 10556.4772   2459.384243  x:  0.12212   0.00000   0.01516   0.02580   0.00702   0.00000   0.02226   0.00332   0.00000   0.00000   0.03150   0.00000   0.00000   0.00000   0.00157   0.00000   0.00000   0.00759   0.00134   0.00114   0.02097   0.00000   0.00000   0.00269   0.00832   0.00000   0.00603   0.02845   0.02387   0.02202   0.00000   0.00000   0.02229   0.00605   0.00000   0.00112   0.01924   0.00081   0.00911   0.03327   0.00000   0.00257   0.03268   0.03164   0.00308   0.00000   0.03343   0.07365   1.99231   1.10719   0.00070   0.19518  
 18 52741.6481   2456.751993  x:  0.12287   0.00000   0.01517   0.02536   0.00686   0.00000   0.02136   0.00323   0.00000   0.00000   0.03124   0.00000   0.00000   0.00000   0.00073   0.00000   0.00000   0.00740   0.00132   0.00112   0.02012   0.00000   0.00000   0.00260   0.00818   0.00000   0.00519   0.02764   0.02362   0.02118   0.00000   0.00000   0.02242   0.00600   0.00000   0.00110   0.01840   0.00000   0.00953   0.03298   0.00000   0.00254   0.03240   0.03143   0.00298   0.00000   0.03301   0.07413   1.99220   1.10727   0.00060   0.19467  
 19 17309.1961   2454.753722  x:  0.12305   0.00000   0.01518   0.02514   0.00683   0.00000   0.02057   0.00319   0.00000   0.00000   0.03104   0.00000   0.00000   0.00000   0.00000   0.00000   0.00000   0.00733   0.00131   0.00111   0.01939   0.00000   0.00000   0.00254   0.00816   0.00000   0.00447   0.02695   0.02373   0.02047   0.00000   0.00000   0.02251   0.00595   0.00000   0.00110   0.01768   0.00000   0.00939   0.03275   0.00000   0.00252   0.03202   0.03107   0.00296   0.00000   0.03276   0.07410   1.99212   1.10736   0.00050   0.19437  
 20 3935.9726   2443.782864  x:  0.12364   0.00000   0.01505   0.02401   0.00633   0.00000   0.01571   0.00325   0.00000   0.00000   0.02972   0.00000   0.00000   0.00000   0.00000   0.00000   0.00000   0.00660   0.00118   0.00106   0.01488   0.00000   0.00000   0.00273   0.00673   0.00000   0.00000   0.02263   0.02473   0.01608   0.00000   0.00000   0.02295   0.00582   0.00000   0.00095   0.01323   0.00000   0.00917   0.03127   0.00000   0.00240   0.03242   0.02911   0.00278   0.00000   0.03130   0.07347   1.99164   1.10783  -0.00006   0.19213  
 21 10043.2864   2416.621796  x:  0.12406   0.00000   0.01442   0.02034   0.00576   0.00000   0.00142   0.00281   0.00000   0.00000   0.02518   0.00000   0.00000   0.00000   0.00000   0.00000   0.00000   0.00565   0.00106   0.00081   0.00148   0.00000   0.00000   0.00221   0.00610   0.00000   0.00000   0.00974   0.01954   0.00304   0.00000   0.00000   0.02420   0.00514   0.00000   0.00085   0.00000   0.00000   0.00784   0.02647   0.00000   0.00211   0.03503   0.02640   0.00241   0.00000   0.02665   0.07074   1.99047   1.10955  -0.00202   0.18793  
 22 7217.8997   2414.237423  x:  0.12439   0.00000   0.01444   0.01979   0.00572   0.00000   0.00000   0.00279   0.00000   0.00000   0.02471   0.00000   0.00000   0.00000   0.00000   0.00000   0.00000   0.00557   0.00106   0.00080   0.00010   0.00000   0.00000   0.00218   0.00600   0.00000   0.00000   0.00839   0.01966   0.00170   0.00000   0.00000   0.02427   0.00511   0.00000   0.00084   0.00000   0.00000   0.00778   0.02603   0.00000   0.00210   0.03486   0.02661   0.00239   0.00000   0.02609   0.07085   1.99040   1.10970  -0.00218   0.18755  
 23 2581.0627   2414.116875  x:  0.12442   0.00000   0.01444   0.01976   0.00572   0.00000   0.00000   0.00279   0.00000   0.00000   0.02470   0.00000   0.00000   0.00000   0.00000   0.00000   0.00000   0.00557   0.00106   0.00080   0.00000   0.00000   0.00000   0.00218   0.00599   0.00000   0.00000   0.00830   0.01966   0.00160   0.00000   0.00000   0.02428   0.00511   0.00000   0.00084   0.00000   0.00000   0.00778   0.02601   0.00000   0.00210   0.03485   0.02657   0.00239   0.00000   0.02606   0.07087   1.99039   1.10971  -0.00219   0.18753  
 24 5501.3494   2413.041309  x:  0.12467   0.00000   0.01444   0.01971   0.00566   0.00000   0.00000   0.00276   0.00000   0.00000   0.02474   0.00000   0.00000   0.00000   0.00000   0.00000   0.00000   0.00549   0.00105   0.00079   0.00000   0.00000   0.00000   0.00215   0.00590   0.00000   0.00000   0.00669   0.01963   0.00000   0.00000   0.00000   0.02434   0.00509   0.00000   0.00083   0.00000   0.00000   0.00772   0.02600   0.00000   0.00208   0.03479   0.02649   0.00237   0.00000   0.02595   0.07095   1.99034   1.10980  -0.00230   0.18725  
 25 2730.0148   2410.114744  x:  0.12491   0.00000   0.01442   0.01957   0.00562   0.00000   0.00000   0.00273   0.00000   0.00000   0.02357   0.00000   0.00000   0.00000   0.00000   0.00000   0.00000   0.00540   0.00103   0.00079   0.00000   0.00000   0.00000   0.00212   0.00579   0.00000   0.00000   0.00000   0.01956   0.00000   0.00000   0.00000   0.02444   0.00504   0.00000   0.00081   0.00000   0.00000   0.00766   0.02506   0.00000   0.00206   0.03462   0.02616   0.00235   0.00000   0.02577   0.07076   1.99021   1.10985  -0.00238   0.18691  
 26 960.8407   2404.376516  x:  0.12024   0.00000   0.01411   0.00486   0.00542   0.00000   0.00000   0.00243   0.00000   0.00000   0.02946   0.00000   0.00000   0.00000   0.00000   0.00000   0.00000   0.00477   0.00092   0.00083   0.00000   0.00000   0.00000   0.00202   0.00533   0.00000   0.00000   0.00000   0.01878   0.00000   0.00000   0.00000   0.02486   0.00464   0.00000   0.00069   0.00000   0.00000   0.00712   0.02168   0.00000   0.00187   0.03433   0.02460   0.00211   0.00000   0.00923   0.06244   1.98947   1.10801  -0.00081   0.18718  
 27 216.0853   2404.191633  x:  0.12000   0.00000   0.01412   0.00648   0.00543   0.00000   0.00000   0.00243   0.00000   0.00000   0.03009   0.00000   0.00000   0.00000   0.00000   0.00000   0.00000   0.00476   0.00093   0.00085   0.00000   0.00000   0.00000   0.00203   0.00535   0.00000   0.00000   0.00000   0.01877   0.00000   0.00000   0.00000   0.02480   0.00466   0.00000   0.00068   0.00000   0.00000   0.00714   0.02061   0.00000   0.00187   0.03425   0.02464   0.00211   0.00000   0.00715   0.06210   1.98951   1.10746  -0.00028   0.18765  
 28 80.7165   2402.897173  x:  0.11698   0.00000   0.01424   0.00693   0.00562   0.00000   0.00000   0.00244   0.00000   0.00000   0.03579   0.00000   0.00000   0.00000   0.00000   0.00000   0.00000   0.00454   0.00097   0.00096   0.00000   0.00000   0.00000   0.00207   0.00546   0.00000   0.00000   0.00000   0.01873   0.00000   0.00000   0.00000   0.02407   0.00490   0.00000   0.00068   0.00000   0.00000   0.00732   0.01062   0.00000   0.00187   0.03382   0.02490   0.00213   0.00000   0.00890   0.05839   1.99005   1.10136   0.00577   0.19301  
 29 66.8482   2391.934401  x:  0.08268   0.00000   0.01560   0.00775   0.00635   0.00000   0.00000   0.00219   0.00000   0.00000   0.02428   0.00000   0.00000   0.00000   0.00000   0.00000   0.00000   0.00216   0.00130   0.00244   0.00000   0.00000   0.00000   0.00223   0.00574   0.00000   0.00000   0.00000   0.01704   0.00000   0.00000   0.00000   0.01637   0.00735   0.00000   0.00066   0.00000   0.00000   0.00868   0.01736   0.00000   0.00177   0.02985   0.02493   0.00220   0.00000   0.01006   0.01788   1.99587   1.03756   0.06914   0.24991  
 30 155.1176   2382.510096  x:  0.07757   0.00000   0.01448   0.00430   0.00676   0.00000   0.00000   0.00289   0.00000   0.00000   0.00671   0.00000   0.00000   0.00000   0.00000   0.00000   0.00000   0.00353   0.00123   0.00147   0.00000   0.00000   0.00000   0.00403   0.00722   0.00000   0.00000   0.00000   0.01807   0.00000   0.00000   0.00000   0.00627   0.01010   0.00000   0.00110   0.00000   0.00000   0.01043   0.01362   0.00000   0.00281   0.02370   0.03010   0.00318   0.00000   0.00638   0.02622   2.01552   0.97128   0.13695   0.31359  
 31 14.1137   2380.090713  x:  0.07705   0.00000   0.01591   0.00377   0.00765   0.00000   0.00000   0.00312   0.00000   0.00000   0.00762   0.00000   0.00000   0.00000   0.00000   0.00000   0.00000   0.00152   0.00170   0.00224   0.00000   0.00000   0.00000   0.00340   0.00551   0.00000   0.00000   0.00000   0.01801   0.00000   0.00000   0.00000   0.00190   0.01165   0.00000   0.00124   0.00000   0.00000   0.01055   0.01473   0.00000   0.00312   0.02413   0.02790   0.00343   0.00000   0.00604   0.04017   2.02622   0.94109   0.16848   0.33805  
 32 14.8486   2378.152788  x:  0.05506   0.00000   0.01199   0.00400   0.00839   0.00000   0.00000   0.00289   0.00000   0.00000   0.01020   0.00000   0.00000   0.00000   0.00000   0.00000   0.00000   0.00392   0.00106   0.00304   0.00000   0.00000   0.00000   0.00296   0.00409   0.00000   0.00000   0.00000   0.02043   0.00000   0.00000   0.00000   0.00162   0.00869   0.00000   0.00142   0.00000   0.00000   0.01171   0.01580   0.00000   0.00381   0.01948   0.02264   0.00430   0.00000   0.00642   0.06349   2.05276   0.88662   0.22668   0.36210  
 33  8.0733   2377.324187  x:  0.03731   0.00000   0.01091   0.00376   0.00900   0.00000   0.00000   0.00307   0.00000   0.00000   0.01007   0.00000   0.00000   0.00000   0.00000   0.00000   0.00000   0.00317   0.00164   0.00326   0.00000   0.00000   0.00000   0.00292   0.00301   0.00000   0.00000   0.00000   0.02222   0.00000   0.00000   0.00000   0.00379   0.00664   0.00000   0.00164   0.00000   0.00000   0.01238   0.01575   0.00000   0.00416   0.02206   0.02061   0.00462   0.00000   0.00624   0.08185   2.07378   0.85570   0.26009   0.36285  
 34  9.9230   2376.665636  x:  0.00000   0.00000   0.01166   0.00398   0.00831   0.00000   0.00000   0.00376   0.00000   0.00000   0.01069   0.00000   0.00000   0.00000   0.00000   0.00000   0.00000   0.00269   0.00156   0.00342   0.00000   0.00000   0.00000   0.00351   0.00488   0.00000   0.00000   0.00000   0.02080   0.00000   0.00000   0.00000   0.00431   0.00477   0.00000   0.00159   0.00000   0.00000   0.01229   0.01588   0.00000   0.00442   0.02055   0.01859   0.00468   0.00000   0.00652   0.12062   2.11024   0.81807   0.30162   0.37534  
 35  5.7431   2376.567419  x:  0.00000   0.00000   0.01196   0.00398   0.00828   0.00000   0.00000   0.00383   0.00000   0.00000   0.01063   0.00000   0.00000   0.00000   0.00000   0.00000   0.00000   0.00294   0.00152   0.00347   0.00000   0.00000   0.00000   0.00342   0.00494   0.00000   0.00000   0.00000   0.02078   0.00000   0.00000   0.00000   0.00423   0.00493   0.00000   0.00160   0.00000   0.00000   0.01224   0.01589   0.00000   0.00447   0.02189   0.01832   0.00472   0.00000   0.00652   0.12777   2.11767   0.81244   0.30783   0.37674  
 36  6.4203   2376.308030  x:  0.00000   0.00000   0.01295   0.00399   0.00801   0.00000   0.00000   0.00413   0.00000   0.00000   0.01059   0.00000   0.00000   0.00000   0.00000   0.00000   0.00000   0.00355   0.00140   0.00360   0.00000   0.00000   0.00000   0.00323   0.00530   0.00000   0.00000   0.00000   0.02052   0.00000   0.00000   0.00000   0.00407   0.00522   0.00000   0.00159   0.00000   0.00000   0.01202   0.01589   0.00000   0.00466   0.02539   0.01724   0.00483   0.00000   0.00657   0.12022   2.14551   0.79250   0.33001   0.38142  
 37 10.8216   2375.492841  x:  0.00000   0.00000   0.01278   0.00462   0.00477   0.00000   0.00000   0.00476   0.00000   0.00000   0.01205   0.00000   0.00000   0.00000   0.00000   0.00000   0.00000   0.00294   0.00121   0.00344   0.00000   0.00000   0.00000   0.00369   0.00447   0.00000   0.00000   0.00000   0.01798   0.00000   0.00000   0.00000   0.00471   0.00683   0.00000   0.00153   0.00000   0.00000   0.01085   0.01514   0.00000   0.00527   0.02396   0.01785   0.00512   0.00000   0.00714   0.12107   2.28101   0.73543   0.39478   0.38868  
 38  3.0147   2375.051423  x:  0.00000   0.00000   0.01254   0.00500   0.00332   0.00000   0.00000   0.00444   0.00000   0.00000   0.01213   0.00000   0.00000   0.00000   0.00000   0.00000   0.00000   0.00277   0.00159   0.00318   0.00000   0.00000   0.00000   0.00371   0.00452   0.00000   0.00000   0.00000   0.02104   0.00000   0.00000   0.00000   0.00367   0.00589   0.00000   0.00162   0.00000   0.00000   0.01085   0.01403   0.00000   0.00549   0.02545   0.01912   0.00527   0.00000   0.00744   0.12094   2.36903   0.73391   0.40236   0.39000  
 39  3.0459   2374.533896  x:  0.00000   0.00000   0.01394   0.00508   0.00397   0.00000   0.00000   0.00466   0.00000   0.00000   0.01137   0.00000   0.00000   0.00000   0.00000   0.00000   0.00000   0.00368   0.00219   0.00412   0.00000   0.00000   0.00000   0.00319   0.00533   0.00000   0.00000   0.00000   0.02026   0.00000   0.00000   0.00000   0.00422   0.00635   0.00000   0.00181   0.00000   0.00000   0.01051   0.01354   0.00000   0.00589   0.02406   0.02301   0.00555   0.00000   0.00767   0.12055   2.49234   0.76652   0.38082   0.36961  
 40  1.9380   2374.028483  x:  0.00000   0.00000   0.01409   0.00537   0.00457   0.00000   0.00000   0.00448   0.00000   0.00000   0.01113   0.00000   0.00000   0.00000   0.00000   0.00000   0.00000   0.00320   0.00264   0.00397   0.00000   0.00000   0.00000   0.00353   0.00571   0.00000   0.00000   0.00000   0.02215   0.00000   0.00000   0.00000   0.00387   0.00791   0.00000   0.00221   0.00000   0.00000   0.01086   0.01165   0.00000   0.00595   0.02245   0.01876   0.00571   0.00000   0.00789   0.12117   2.57162   0.81342   0.34487   0.34902  
 41  1.8370   2373.608871  x:  0.00000   0.00000   0.01199   0.00585   0.00543   0.00000   0.00000   0.00479   0.00000   0.00000   0.01081   0.00000   0.00000   0.00000   0.00000   0.00000   0.00000   0.00295   0.00263   0.00402   0.00000   0.00000   0.00000   0.00424   0.00519   0.00000   0.00000   0.00000   0.01987   0.00000   0.00000   0.00000   0.00279   0.00703   0.00000   0.00255   0.00000   0.00000   0.01108   0.01009   0.00000   0.00613   0.02486   0.01982   0.00594   0.00000   0.00833   0.12106   2.59116   0.84257   0.32590   0.34232  
 42  1.0350   2373.133780  x:  0.00000   0.00000   0.01452   0.00609   0.00585   0.00000   0.00000   0.00441   0.00000   0.00000   0.01179   0.00000   0.00000   0.00000   0.00000   0.00000   0.00000   0.00227   0.00208   0.00408   0.00000   0.00000   0.00000   0.00479   0.00512   0.00000   0.00000   0.00000   0.02163   0.00000   0.00000   0.00000   0.00318   0.00725   0.00000   0.00305   0.00000   0.00000   0.01244   0.00882   0.00000   0.00633   0.02545   0.02218   0.00634   0.00000   0.00865   0.12122   2.47295   0.77184   0.40904   0.35450  
 43  1.5351   2372.845567  x:  0.00000   0.00000   0.01262   0.00603   0.00527   0.00000   0.00000   0.00427   0.00000   0.00000   0.01157   0.00000   0.00000   0.00000   0.00000   0.00000   0.00000   0.00257   0.00255   0.00446   0.00000   0.00000   0.00000   0.00501   0.00616   0.00000   0.00000   0.00000   0.02090   0.00000   0.00000   0.00000   0.00335   0.00842   0.00000   0.00322   0.00000   0.00000   0.01316   0.00903   0.00000   0.00655   0.02566   0.02227   0.00654   0.00000   0.00870   0.12088   2.30223   0.72495   0.46230   0.36274  
 44  1.3483   2372.629045  x:  0.00000   0.00000   0.01444   0.00588   0.00490   0.00000   0.00000   0.00499   0.00000   0.00000   0.01105   0.00000   0.00000   0.00000   0.00000   0.00000   0.00000   0.00290   0.00292   0.00459   0.00000   0.00000   0.00000   0.00520   0.00527   0.00000   0.00000   0.00000   0.01979   0.00000   0.00000   0.00000   0.00276   0.00807   0.00000   0.00337   0.00000   0.00000   0.01331   0.00905   0.00000   0.00706   0.02456   0.02149   0.00671   0.00000   0.00862   0.12127   2.19651   0.72951   0.46030   0.35603  
 45  0.9641   2372.315824  x:  0.00000   0.00000   0.01347   0.00546   0.00468   0.00000   0.00000   0.00574   0.00000   0.00000   0.00935   0.00000   0.00000   0.00000   0.00000   0.00000   0.00000   0.00214   0.00232   0.00537   0.00000   0.00000   0.00000   0.00507   0.00534   0.00000   0.00000   0.00000   0.02154   0.00000   0.00000   0.00000   0.00273   0.00817   0.00000   0.00378   0.00000   0.00000   0.01275   0.01016   0.00000   0.00802   0.02428   0.02177   0.00708   0.00000   0.00832   0.12191   2.20155   0.72912   0.46188   0.33835  
 46  0.0891   2372.026439  x:  0.00000   0.00000   0.01337   0.00472   0.00514   0.00000   0.00000   0.00566   0.00000   0.00000   0.00982   0.00000   0.00000   0.00000   0.00000   0.00000   0.00000   0.00217   0.00266   0.00524   0.00000   0.00000   0.00000   0.00499   0.00520   0.00000   0.00000   0.00000   0.02072   0.00000   0.00000   0.00000   0.00218   0.00810   0.00000   0.00421   0.00000   0.00000   0.01291   0.01081   0.00000   0.00864   0.02368   0.02120   0.00748   0.00000   0.00759   0.12246   2.37964   0.59804   0.59121   0.35894  
 47  0.9047   2371.930852  x:  0.00000   0.00000   0.01365   0.00477   0.00480   0.00000   0.00000   0.00501   0.00000   0.00000   0.00999   0.00000   0.00000   0.00000   0.00000   0.00000   0.00000   0.00228   0.00253   0.00556   0.00000   0.00000   0.00000   0.00492   0.00535   0.00000   0.00000   0.00000   0.01963   0.00000   0.00000   0.00000   0.00257   0.00792   0.00000   0.00454   0.00000   0.00000   0.01369   0.01079   0.00000   0.00916   0.02368   0.02088   0.00817   0.00000   0.00748   0.12226   2.40408   0.60248   0.58027   0.33733  
 48  0.0650   2371.810944  x:  0.00000   0.00000   0.01350   0.00527   0.00524   0.00000   0.00000   0.00526   0.00000   0.00000   0.01099   0.00000   0.00000   0.00000   0.00000   0.00000   0.00000   0.00273   0.00257   0.00582   0.00000   0.00000   0.00000   0.00526   0.00533   0.00000   0.00000   0.00000   0.02090   0.00000   0.00000   0.00000   0.00287   0.00801   0.00000   0.00493   0.00000   0.00000   0.01264   0.01080   0.00000   0.00990   0.02370   0.02111   0.00844   0.00000   0.00773   0.12168   2.38865   0.56514   0.61007   0.32182  
 49  0.1806   2371.761340  x:  0.00000   0.00000   0.01307   0.00547   0.00534   0.00000   0.00000   0.00541   0.00000   0.00000   0.01098   0.00000   0.00000   0.00000   0.00000   0.00000   0.00000   0.00259   0.00261   0.00570   0.00000   0.00000   0.00000   0.00480   0.00532   0.00000   0.00000   0.00000   0.02108   0.00000   0.00000   0.00000   0.00264   0.00797   0.00000   0.00517   0.00000   0.00000   0.01336   0.01019   0.00000   0.01061   0.02359   0.02087   0.00849   0.00000   0.00796   0.12161   2.37178   0.55407   0.62274   0.30301  
 50  0.0388   2371.726506  x:  0.00000   0.00000   0.01314   0.00539   0.00530   0.00000   0.00000   0.00540   0.00000   0.00000   0.01045   0.00000   0.00000   0.00000   0.00000   0.00000   0.00000   0.00279   0.00261   0.00583   0.00000   0.00000   0.00000   0.00529   0.00513   0.00000   0.00000   0.00000   0.02143   0.00000   0.00000   0.00000   0.00251   0.00796   0.00000   0.00540   0.00000   0.00000   0.01402   0.01047   0.00000   0.01086   0.02371   0.02094   0.00828   0.00000   0.00810   0.12153   2.38738   0.53911   0.64057   0.28340  
 51  0.0496   2371.678383  x:  0.00000   0.00000   0.01310   0.00485   0.00516   0.00000   0.00000   0.00519   0.00000   0.00000   0.01043   0.00000   0.00000   0.00000   0.00000   0.00000   0.00000   0.00269   0.00259   0.00569   0.00000   0.00000   0.00000   0.00539   0.00508   0.00000   0.00000   0.00000   0.02122   0.00000   0.00000   0.00000   0.00245   0.00784   0.00000   0.00591   0.00000   0.00000   0.01318   0.01022   0.00000   0.01132   0.02382   0.02085   0.00806   0.00000   0.00777   0.12175   2.35321   0.51397   0.66693   0.25111  
 52  0.0821   2371.646995  x:  0.00000   0.00000   0.01320   0.00526   0.00528   0.00000   0.00000   0.00498   0.00000   0.00000   0.01012   0.00000   0.00000   0.00000   0.00000   0.00000   0.00000   0.00255   0.00265   0.00540   0.00000   0.00000   0.00000   0.00533   0.00503   0.00000   0.00000   0.00000   0.02088   0.00000   0.00000   0.00000   0.00254   0.00778   0.00000   0.00613   0.00000   0.00000   0.01292   0.01069   0.00000   0.01147   0.02379   0.02076   0.00784   0.00000   0.00809   0.12207   2.35164   0.46943   0.70989   0.23298  
 53  0.1012   2371.593870  x:  0.00000   0.00000   0.01314   0.00519   0.00533   0.00000   0.00000   0.00528   0.00000   0.00000   0.01060   0.00000   0.00000   0.00000   0.00000   0.00000   0.00000   0.00246   0.00273   0.00494   0.00000   0.00000   0.00000   0.00542   0.00521   0.00000   0.00000   0.00000   0.02110   0.00000   0.00000   0.00000   0.00287   0.00806   0.00000   0.00613   0.00000   0.00000   0.01344   0.01079   0.00000   0.01168   0.02378   0.02132   0.00732   0.00000   0.00774   0.12236   2.37564   0.42273   0.75220   0.18594  
 54  0.0829   2371.511627  x:  0.00000   0.00000   0.01346   0.00535   0.00533   0.00000   0.00000   0.00493   0.00000   0.00000   0.01013   0.00000   0.00000   0.00000   0.00000   0.00000   0.00000   0.00273   0.00287   0.00443   0.00000   0.00000   0.00000   0.00545   0.00553   0.00000   0.00000   0.00000   0.02151   0.00000   0.00000   0.00000   0.00275   0.00803   0.00000   0.00559   0.00000   0.00000   0.01320   0.01026   0.00000   0.01162   0.02416   0.02136   0.00791   0.00000   0.00775   0.12222   2.39713   0.36101   0.80655   0.10906  
 55  0.0490   2371.399882  x:  0.00000   0.00000   0.01304   0.00513   0.00491   0.00000   0.00000   0.00548   0.00000   0.00000   0.01017   0.00000   0.00000   0.00000   0.00000   0.00000   0.00000   0.00292   0.00257   0.00458   0.00000   0.00000   0.00000   0.00542   0.00536   0.00000   0.00000   0.00000   0.02103   0.00000   0.00000   0.00000   0.00267   0.00777   0.00000   0.00510   0.00000   0.00000   0.01300   0.01058   0.00000   0.01105   0.02384   0.02115   0.00815   0.00000   0.00801   0.12223   2.39441   0.19653   0.94483   0.02152  
 56  0.0886   2371.373220  x:  0.00000   0.00000   0.01308   0.00515   0.00495   0.00000   0.00000   0.00546   0.00000   0.00000   0.01035   0.00000   0.00000   0.00000   0.00000   0.00000   0.00000   0.00283   0.00251   0.00469   0.00000   0.00000   0.00000   0.00542   0.00531   0.00000   0.00000   0.00000   0.02099   0.00000   0.00000   0.00000   0.00263   0.00774   0.00000   0.00509   0.00000   0.00000   0.01308   0.01072   0.00000   0.01098   0.02384   0.02110   0.00818   0.00000   0.00799   0.12229   2.38349   0.18913   0.94987   0.00000  
 57  0.0569   2371.359124  x:  0.00000   0.00000   0.01315   0.00522   0.00512   0.00000   0.00000   0.00536   0.00000   0.00000   0.01052   0.00000   0.00000   0.00000   0.00000   0.00000   0.00000   0.00265   0.00246   0.00498   0.00000   0.00000   0.00000   0.00538   0.00523   0.00000   0.00000   0.00000   0.02098   0.00000   0.00000   0.00000   0.00259   0.00779   0.00000   0.00515   0.00000   0.00000   0.01318   0.01068   0.00000   0.01080   0.02373   0.02099   0.00810   0.00000   0.00788   0.12246   2.37528   0.16606   0.96994   0.00000  
 58  0.0520   2371.343678  x:  0.00000   0.00000   0.01319   0.00526   0.00524   0.00000   0.00000   0.00527   0.00000   0.00000   0.01037   0.00000   0.00000   0.00000   0.00000   0.00000   0.00000   0.00260   0.00252   0.00519   0.00000   0.00000   0.00000   0.00530   0.00525   0.00000   0.00000   0.00000   0.02105   0.00000   0.00000   0.00000   0.00264   0.00792   0.00000   0.00526   0.00000   0.00000   0.01316   0.01038   0.00000   0.01066   0.02362   0.02097   0.00790   0.00000   0.00781   0.12245   2.38701   0.19918   0.94276   0.00000  
 59  0.1650   2371.341173  x:  0.00000   0.00000   0.01322   0.00522   0.00528   0.00000   0.00000   0.00521   0.00000   0.00000   0.01050   0.00000   0.00000   0.00000   0.00000   0.00000   0.00000   0.00262   0.00260   0.00522   0.00000   0.00000   0.00000   0.00525   0.00527   0.00000   0.00000   0.00000   0.02106   0.00000   0.00000   0.00000   0.00259   0.00793   0.00000   0.00522   0.00000   0.00000   0.01318   0.01052   0.00000   0.01054   0.02380   0.02103   0.00789   0.00000   0.00789   0.12236   2.38330   0.20201   0.94062   0.00000  
 60  0.0046   2371.340956  x:  0.00000   0.00000   0.01320   0.00522   0.00525   0.00000   0.00000   0.00524   0.00000   0.00000   0.01050   0.00000   0.00000   0.00000   0.00000   0.00000   0.00000   0.00263   0.00261   0.00525   0.00000   0.00000   0.00000   0.00524   0.00523   0.00000   0.00000   0.00000   0.02106   0.00000   0.00000   0.00000   0.00260   0.00790   0.00000   0.00522   0.00000   0.00000   0.01317   0.01053   0.00000   0.01053   0.02380   0.02105   0.00789   0.00000   0.00788   0.12238   2.38242   0.20164   0.94058   0.00000  
 61  0.0007   2371.340922  x:  0.00000   0.00000   0.01320   0.00522   0.00525   0.00000   0.00000   0.00523   0.00000   0.00000   0.01049   0.00000   0.00000   0.00000   0.00000   0.00000   0.00000   0.00262   0.00262   0.00525   0.00000   0.00000   0.00000   0.00524   0.00524   0.00000   0.00000   0.00000   0.02108   0.00000   0.00000   0.00000   0.00260   0.00790   0.00000   0.00523   0.00000   0.00000   0.01317   0.01052   0.00000   0.01054   0.02382   0.02105   0.00791   0.00000   0.00788   0.12238   2.38268   0.20139   0.94093   0.00000  
 62  0.0003   2371.340913  x:  0.00000   0.00000   0.01320   0.00522   0.00525   0.00000   0.00000   0.00524   0.00000   0.00000   0.01049   0.00000   0.00000   0.00000   0.00000   0.00000   0.00000   0.00262   0.00262   0.00524   0.00000   0.00000   0.00000   0.00524   0.00524   0.00000   0.00000   0.00000   0.02108   0.00000   0.00000   0.00000   0.00260   0.00789   0.00000   0.00524   0.00000   0.00000   0.01317   0.01052   0.00000   0.01052   0.02382   0.02105   0.00791   0.00000   0.00788   0.12238   2.38325   0.20128   0.94107   0.00000  
 63  0.0003   2371.340911  x:  0.00000   0.00000   0.01320   0.00522   0.00525   0.00000   0.00000   0.00524   0.00000   0.00000   0.01049   0.00000   0.00000   0.00000   0.00000   0.00000   0.00000   0.00262   0.00262   0.00524   0.00000   0.00000   0.00000   0.00524   0.00524   0.00000   0.00000   0.00000   0.02108   0.00000   0.00000   0.00000   0.00260   0.00790   0.00000   0.00524   0.00000   0.00000   0.01317   0.01052   0.00000   0.01052   0.02381   0.02105   0.00791   0.00000   0.00788   0.12238   2.38303   0.20127   0.94117   0.00000  
 64  0.0001   2371.340911  x:  0.00000   0.00000   0.01320   0.00522   0.00525   0.00000   0.00000   0.00524   0.00000   0.00000   0.01049   0.00000   0.00000   0.00000   0.00000   0.00000   0.00000   0.00262   0.00262   0.00524   0.00000   0.00000   0.00000   0.00524   0.00524   0.00000   0.00000   0.00000   0.02108   0.00000   0.00000   0.00000   0.00260   0.00790   0.00000   0.00524   0.00000   0.00000   0.01317   0.01052   0.00000   0.01052   0.02381   0.02105   0.00791   0.00000   0.00788   0.12238   2.38300   0.20135   0.94112   0.00000  
 65  0.0001   2371.340911  x:  0.00000   0.00000   0.01320   0.00522   0.00525   0.00000   0.00000   0.00524   0.00000   0.00000   0.01049   0.00000   0.00000   0.00000   0.00000   0.00000   0.00000   0.00262   0.00262   0.00524   0.00000   0.00000   0.00000   0.00524   0.00524   0.00000   0.00000   0.00000   0.02108   0.00000   0.00000   0.00000   0.00260   0.00790   0.00000   0.00524   0.00000   0.00000   0.01317   0.01052   0.00000   0.01052   0.02381   0.02105   0.00791   0.00000   0.00788   0.12238   2.38299   0.20137   0.94111   0.00000  
 66  0.0000   2371.340911  x:  0.00000   0.00000   0.01320   0.00522   0.00525   0.00000   0.00000   0.00524   0.00000   0.00000   0.01049   0.00000   0.00000   0.00000   0.00000   0.00000   0.00000   0.00262   0.00262   0.00524   0.00000   0.00000   0.00000   0.00524   0.00524   0.00000   0.00000   0.00000   0.02108   0.00000   0.00000   0.00000   0.00260   0.00790   0.00000   0.00524   0.00000   0.00000   0.01317   0.01052   0.00000   0.01052   0.02381   0.02105   0.00791   0.00000   0.00788   0.12238   2.38299   0.20137   0.94111   0.00000  
 67  0.0000   2371.340911  x:  0.00000   0.00000   0.01320   0.00522   0.00525   0.00000   0.00000   0.00524   0.00000   0.00000   0.01049   0.00000   0.00000   0.00000   0.00000   0.00000   0.00000   0.00262   0.00262   0.00524   0.00000   0.00000   0.00000   0.00524   0.00524   0.00000   0.00000   0.00000   0.02108   0.00000   0.00000   0.00000   0.00260   0.00790   0.00000   0.00524   0.00000   0.00000   0.01317   0.01052   0.00000   0.01052   0.02381   0.02105   0.00791   0.00000   0.00788   0.12238   2.38299   0.20137   0.94111   0.00000  
 68  0.0000   2371.340911  x:  0.00000   0.00000   0.01320   0.00522   0.00525   0.00000   0.00000   0.00524   0.00000   0.00000   0.01049   0.00000   0.00000   0.00000   0.00000   0.00000   0.00000   0.00262   0.00262   0.00524   0.00000   0.00000   0.00000   0.00524   0.00524   0.00000   0.00000   0.00000   0.02108   0.00000   0.00000   0.00000   0.00260   0.00790   0.00000   0.00524   0.00000   0.00000   0.01317   0.01052   0.00000   0.01052   0.02381   0.02105   0.00791   0.00000   0.00788   0.12238   2.38299   0.20137   0.94111   0.00000  