

TREE # 1

  0  0.0000   3136.402739  x:  0.05241   0.04114   0.02376   0.03908   0.09226   0.10787   0.07179   0.07750   0.06122   0.01940   0.10178   0.08375   0.03320   0.05387   0.02471   0.09003   0.03483   0.02507   0.08672   0.03620   0.05340   0.09375   0.09731   0.07254   0.02082   0.04911   0.02657   0.09148   0.07845   0.02144   0.06364   0.08639   0.10227   0.06183   0.10360   0.01121   0.04322   0.09993   0.10499   0.08908   0.01242   0.06570   0.03501   0.09364   0.01582   0.03602   0.09487   0.10123   2.00000   1.04044   0.06428   0.28216   2.17579  
  1 99.0000   2989.129997  x:  0.05275   0.02952   0.01913   0.02873   0.08086   0.09560   0.05944   0.06618   0.04885   0.00698   0.09107   0.07141   0.02077   0.04147   0.01225   0.07770   0.02240   0.01420   0.07485   0.02593   0.04103   0.08145   0.08505   0.06135   0.01198   0.03673   0.01415   0.07919   0.07019   0.00900   0.05126   0.07409   0.09041   0.05142   0.09142   0.00516   0.03100   0.08765   0.09466   0.07861   0.00000   0.05579   0.03296   0.08474   0.01047   0.02369   0.08388   0.10004   1.99973   1.03852   0.06615   0.26670   2.17582  
  2 1920.9526   2913.181312  x:  0.05290   0.02322   0.01830   0.02359   0.07458   0.08871   0.05250   0.05998   0.04189   0.00000   0.08522   0.06448   0.01379   0.03450   0.00525   0.07078   0.01542   0.00927   0.06825   0.02097   0.03409   0.07455   0.07818   0.05529   0.00946   0.02976   0.00718   0.07229   0.06599   0.00201   0.04430   0.06718   0.08380   0.04592   0.08461   0.00846   0.02430   0.08076   0.08905   0.07295   0.00000   0.05063   0.03235   0.08007   0.01084   0.01679   0.07786   0.09936   1.99964   1.03800   0.06666   0.26205   2.17583  
  3 40290.8648   2892.463851  x:  0.05292   0.02144   0.01820   0.02223   0.07279   0.08673   0.05051   0.05823   0.03990   0.00000   0.08356   0.06250   0.01179   0.03250   0.00324   0.06879   0.01342   0.00815   0.06638   0.01971   0.03211   0.07257   0.07622   0.05358   0.00910   0.02777   0.00519   0.07031   0.06484   0.00000   0.04231   0.06521   0.08191   0.04440   0.08266   0.00880   0.02236   0.07879   0.08747   0.07136   0.00000   0.04922   0.03221   0.07877   0.01101   0.01482   0.07615   0.09915   1.99962   1.03791   0.06674   0.26124   2.17584  
  4 267973.2126   2859.703672  x:  0.05304   0.01856   0.01847   0.01978   0.06990   0.08355   0.04731   0.05537   0.03669   0.00000   0.08087   0.05930   0.00857   0.02928   0.00000   0.06559   0.01019   0.00513   0.06333   0.01733   0.02891   0.06938   0.07306   0.05080   0.00884   0.02456   0.00199   0.06713   0.06296   0.00000   0.03910   0.06202   0.07886   0.04186   0.07950   0.00891   0.01923   0.07560   0.08489   0.06876   0.00000   0.04686   0.03213   0.07666   0.01247   0.01165   0.07339   0.09885   1.99959   1.03777   0.06686   0.25974   2.17585  
  5 167567.4976   2838.617424  x:  0.05367   0.01646   0.02005   0.01680   0.06788   0.08153   0.04527   0.05327   0.03465   0.00000   0.07895   0.05726   0.00652   0.02723   0.00000   0.06356   0.00815   0.00715   0.06128   0.01428   0.02686   0.06736   0.07108   0.04874   0.00891   0.02258   0.00000   0.06510   0.06147   0.00000   0.03708   0.05999   0.07685   0.03967   0.07750   0.00871   0.01724   0.07358   0.08307   0.06683   0.00000   0.04483   0.03272   0.07509   0.01535   0.00967   0.07147   0.09876   1.99948   1.03750   0.06712   0.25630   2.17586  
  6 7941.6268   2775.269405  x:  0.06245   0.00485   0.03057   0.00992   0.06038   0.07519   0.03886   0.04425   0.02813   0.00000   0.07154   0.05089   0.00000   0.02071   0.00000   0.05712   0.00161   0.00520   0.05380   0.01788   0.02079   0.06131   0.06542   0.04041   0.02716   0.01728   0.00000   0.05878   0.05806   0.00000   0.03108   0.05365   0.06997   0.02940   0.07118   0.01185   0.01104   0.06720   0.07667   0.05935   0.00000   0.03657   0.04004   0.07057   0.00711   0.00340   0.06457   0.09755   1.99825   1.03803   0.06628   0.23974   2.17606  
  7 1574.7965   2760.982131  x:  0.06436   0.00188   0.03007   0.01145   0.05865   0.07365   0.03729   0.04218   0.02653   0.00000   0.06985   0.04934   0.00000   0.01912   0.00000   0.05555   0.00000   0.00521   0.05199   0.01991   0.01933   0.05985   0.06404   0.03850   0.02805   0.01605   0.00000   0.05725   0.05766   0.00000   0.02965   0.05211   0.06831   0.02760   0.06963   0.01204   0.00950   0.06565   0.07528   0.05777   0.00000   0.03521   0.04027   0.06980   0.00832   0.00190   0.06300   0.09661   1.99791   1.03839   0.06583   0.23674   2.17613  
  8 2768.1545   2751.699958  x:  0.06536   0.00000   0.03011   0.01101   0.05753   0.07259   0.03622   0.04098   0.02544   0.00000   0.06884   0.04827   0.00000   0.01803   0.00000   0.05448   0.00000   0.00501   0.05080   0.01973   0.01831   0.05885   0.06310   0.03742   0.02772   0.01523   0.00000   0.05619   0.05758   0.00000   0.02867   0.05105   0.06721   0.02712   0.06856   0.01219   0.00843   0.06460   0.07448   0.05686   0.00000   0.03483   0.04000   0.06952   0.00850   0.00086   0.06205   0.09556   1.99768   1.03885   0.06530   0.23609   2.17617  
  9 5173.0902   2744.302237  x:  0.06628   0.00000   0.02994   0.01025   0.05656   0.07172   0.03533   0.03989   0.02453   0.00000   0.06795   0.04739   0.00000   0.01711   0.00000   0.05358   0.00000   0.00486   0.04978   0.01985   0.01747   0.05802   0.06232   0.03642   0.02749   0.01455   0.00000   0.05532   0.05762   0.00000   0.02786   0.05017   0.06628   0.02667   0.06768   0.01231   0.00755   0.06373   0.07380   0.05606   0.00000   0.03454   0.03956   0.06930   0.00873   0.00000   0.06123   0.09469   1.99748   1.03924   0.06485   0.23554   2.17622  
 10 98216.7602   2674.367333  x:  0.08137   0.00000   0.02713   0.01183   0.04439   0.06429   0.02780   0.02060   0.01678   0.00000   0.05595   0.03980   0.00000   0.00937   0.00000   0.04598   0.00000   0.00311   0.03786   0.00792   0.01036   0.05113   0.05580   0.01804   0.03009   0.00864   0.00000   0.04804   0.06810   0.00000   0.02096   0.04286   0.05694   0.02078   0.06020   0.01422   0.00000   0.05637   0.06590   0.04437   0.00000   0.03420   0.02701   0.06524   0.00844   0.00000   0.05110   0.08798   1.99484   1.04473   0.05875   0.23030   2.17659  
 11 3758.0550   2600.055901  x:  0.09573   0.00000   0.02898   0.00791   0.02779   0.05529   0.01873   0.00290   0.00749   0.00000   0.04004   0.03048   0.00000   0.00000   0.00000   0.03676   0.00000   0.00107   0.02167   0.00823   0.00190   0.04279   0.04768   0.00379   0.01955   0.00064   0.00000   0.03929   0.08086   0.00000   0.01224   0.03407   0.04470   0.02265   0.05132   0.01476   0.00000   0.04759   0.05568   0.03004   0.00000   0.03493   0.03917   0.05663   0.00871   0.00000   0.03786   0.07541   1.99115   1.05236   0.05046   0.22557   2.17697  
 12 2214.9581   2594.907106  x:  0.09684   0.00000   0.02892   0.00766   0.02658   0.05459   0.01804   0.00325   0.00679   0.00000   0.03886   0.02976   0.00000   0.00000   0.00000   0.03605   0.00000   0.00095   0.02048   0.00810   0.00125   0.04214   0.04705   0.00373   0.01922   0.00000   0.00000   0.03862   0.08180   0.00000   0.01156   0.03339   0.04377   0.02251   0.05064   0.01483   0.00000   0.04691   0.05489   0.02900   0.00000   0.03488   0.03936   0.05598   0.00875   0.00000   0.03687   0.07461   1.99089   1.05288   0.04989   0.22510   2.17699  
 13 5208.2900   2586.073337  x:  0.09874   0.00000   0.02877   0.00723   0.02451   0.05328   0.01672   0.00279   0.00545   0.00000   0.03687   0.02841   0.00000   0.00000   0.00000   0.03471   0.00000   0.00076   0.01842   0.00785   0.00000   0.04092   0.04586   0.00508   0.01879   0.00000   0.00000   0.03735   0.08334   0.00000   0.01028   0.03212   0.04207   0.02226   0.04936   0.01495   0.00000   0.04563   0.05348   0.02734   0.00000   0.03474   0.03935   0.05482   0.00883   0.00000   0.03514   0.07309   1.99042   1.05381   0.04889   0.22414   2.17704  
 14 18531.3697   2558.538788  x:  0.10144   0.00000   0.02891   0.00599   0.02160   0.04804   0.01134   0.00248   0.00000   0.00000   0.03421   0.02302   0.00000   0.00000   0.00000   0.02937   0.00000   0.00051   0.01463   0.00808   0.00000   0.03584   0.04094   0.00430   0.01962   0.00000   0.00000   0.03218   0.08381   0.00000   0.00497   0.02693   0.03629   0.02327   0.04429   0.01534   0.00000   0.04047   0.04999   0.02830   0.00000   0.03366   0.03568   0.05227   0.00913   0.00000   0.03200   0.06570   1.98894   1.05624   0.04622   0.21980   2.17718  
 15 2794.6208   2537.032202  x:  0.10464   0.00000   0.02549   0.00466   0.02076   0.04319   0.00614   0.00232   0.00000   0.00000   0.03293   0.01805   0.00000   0.00000   0.00000   0.02443   0.00000   0.00043   0.01399   0.00682   0.00000   0.03116   0.03643   0.00395   0.02143   0.00000   0.00000   0.02737   0.08484   0.00000   0.00000   0.02210   0.03186   0.02320   0.03960   0.01570   0.00000   0.03567   0.04793   0.02602   0.00000   0.03430   0.03577   0.05158   0.00948   0.00000   0.03050   0.06068   1.98781   1.05803   0.04422   0.21688   2.17731  
 16 5212.0569   2514.859103  x:  0.10924   0.00000   0.02580   0.00381   0.01959   0.03750   0.00000   0.00216   0.00000   0.00000   0.03120   0.01224   0.00000   0.00000   0.00000   0.01866   0.00000   0.00033   0.01359   0.00731   0.00000   0.02566   0.03122   0.00363   0.02119   0.00000   0.00000   0.02172   0.08739   0.00000   0.00000   0.01645   0.02752   0.02271   0.03411   0.01590   0.00000   0.03003   0.04603   0.02246   0.00000   0.03566   0.03391   0.05127   0.00955   0.00000   0.02900   0.05632   1.98663   1.05978   0.04224   0.21365   2.17745  
 17 8967.3795   2472.164418  x:  0.11814   0.00000   0.02388   0.00209   0.01380   0.02548   0.00000   0.00195   0.00000   0.00000   0.02556   0.00000   0.00000   0.00000   0.00000   0.00648   0.00000   0.00032   0.00817   0.00721   0.00000   0.01414   0.02036   0.00324   0.02225   0.00000   0.00000   0.00979   0.09561   0.00000   0.00000   0.00450   0.02027   0.02430   0.02247   0.01637   0.00000   0.01810   0.04190   0.02197   0.00000   0.03715   0.03218   0.04935   0.00985   0.00000   0.02440   0.04715   1.98436   1.06305   0.03848   0.20697   2.17775  
 18 9281.5433   2458.382861  x:  0.11991   0.00000   0.02350   0.00165   0.01384   0.02096   0.00000   0.00188   0.00000   0.00000   0.02432   0.00000   0.00000   0.00000   0.00000   0.00191   0.00000   0.00024   0.00892   0.00696   0.00000   0.00983   0.01621   0.00312   0.02223   0.00000   0.00000   0.00531   0.09880   0.00000   0.00000   0.00000   0.01852   0.02375   0.01803   0.01650   0.00000   0.01359   0.03970   0.02168   0.00000   0.03562   0.03190   0.04819   0.00988   0.00000   0.02248   0.04308   1.98365   1.06428   0.03712   0.20525   2.17782  
 19 3897.9911   2453.096158  x:  0.11995   0.00000   0.02340   0.00159   0.01364   0.01907   0.00000   0.00185   0.00000   0.00000   0.02412   0.00000   0.00000   0.00000   0.00000   0.00000   0.00000   0.00024   0.00844   0.00692   0.00000   0.00803   0.01445   0.00307   0.02258   0.00000   0.00000   0.00344   0.09965   0.00000   0.00000   0.00000   0.01779   0.02427   0.01618   0.01656   0.00000   0.01172   0.03883   0.02049   0.00000   0.03551   0.03155   0.04794   0.00993   0.00000   0.02202   0.04091   1.98337   1.06474   0.03662   0.20425   2.17785  
 20 5815.7836   2445.294849  x:  0.12096   0.00000   0.02322   0.00150   0.01199   0.01559   0.00000   0.00180   0.00000   0.00000   0.02350   0.00000   0.00000   0.00000   0.00000   0.00000   0.00000   0.00021   0.00834   0.00682   0.00000   0.00465   0.01114   0.00300   0.02289   0.00000   0.00000   0.00000   0.09962   0.00000   0.00000   0.00000   0.01637   0.02413   0.01275   0.01664   0.00000   0.00827   0.03822   0.02005   0.00000   0.03703   0.03133   0.04822   0.00999   0.00000   0.02233   0.03880   1.98297   1.06549   0.03579   0.20287   2.17789  
 21 3056.9126   2436.226962  x:  0.12277   0.00000   0.02298   0.00135   0.01276   0.01086   0.00000   0.00175   0.00000   0.00000   0.02181   0.00000   0.00000   0.00000   0.00000   0.00000   0.00000   0.00018   0.00736   0.00679   0.00000   0.00000   0.00661   0.00293   0.02318   0.00000   0.00000   0.00000   0.09900   0.00000   0.00000   0.00000   0.01472   0.02439   0.00806   0.01672   0.00000   0.00357   0.03753   0.01958   0.00000   0.03919   0.03099   0.04781   0.01005   0.00000   0.02112   0.03708   1.98249   1.06644   0.03477   0.20142   2.17793  
 22 4844.0820   2430.237365  x:  0.12376   0.00000   0.02277   0.00125   0.01200   0.00727   0.00000   0.00171   0.00000   0.00000   0.02109   0.00000   0.00000   0.00000   0.00000   0.00000   0.00000   0.00019   0.00799   0.00683   0.00000   0.00000   0.00316   0.00288   0.02343   0.00000   0.00000   0.00000   0.09845   0.00000   0.00000   0.00000   0.01387   0.02496   0.00450   0.01679   0.00000   0.00000   0.03672   0.01890   0.00000   0.03995   0.03058   0.04692   0.01007   0.00000   0.01953   0.03589   1.98220   1.06708   0.03407   0.20067   2.17796  
 23 4553.7261   2425.896040  x:  0.12454   0.00000   0.02260   0.00114   0.01157   0.00399   0.00000   0.00167   0.00000   0.00000   0.02136   0.00000   0.00000   0.00000   0.00000   0.00000   0.00000   0.00018   0.00745   0.00680   0.00000   0.00000   0.00000   0.00283   0.02332   0.00000   0.00000   0.00000   0.09817   0.00000   0.00000   0.00000   0.01342   0.02450   0.00123   0.01683   0.00000   0.00000   0.03592   0.01839   0.00000   0.03957   0.03039   0.04648   0.01004   0.00000   0.01926   0.03506   1.98199   1.06759   0.03351   0.20048   2.17798  
 24 3677.7828   2424.624865  x:  0.12458   0.00000   0.02256   0.00113   0.01150   0.00275   0.00000   0.00166   0.00000   0.00000   0.02087   0.00000   0.00000   0.00000   0.00000   0.00000   0.00000   0.00018   0.00743   0.00678   0.00000   0.00000   0.00000   0.00281   0.02331   0.00000   0.00000   0.00000   0.09814   0.00000   0.00000   0.00000   0.01306   0.02431   0.00000   0.01685   0.00000   0.00000   0.03560   0.01826   0.00000   0.03940   0.03034   0.04661   0.01002   0.00000   0.01933   0.03461   1.98192   1.06773   0.03335   0.20040   2.17799  
 25 2410.8822   2423.012110  x:  0.12469   0.00000   0.02255   0.00115   0.01135   0.00000   0.00000   0.00165   0.00000   0.00000   0.02099   0.00000   0.00000   0.00000   0.00000   0.00000   0.00000   0.00017   0.00728   0.00675   0.00000   0.00000   0.00000   0.00280   0.02328   0.00000   0.00000   0.00000   0.09782   0.00000   0.00000   0.00000   0.01230   0.02393   0.00000   0.01685   0.00000   0.00000   0.03535   0.01823   0.00000   0.03957   0.03034   0.04684   0.01000   0.00000   0.01853   0.03403   1.98187   1.06788   0.03319   0.20035   2.17800  
 26 912.6599   2397.747144  x:  0.12816   0.00000   0.01961   0.00158   0.00954   0.00000   0.00000   0.00106   0.00000   0.00000   0.01658   0.00000   0.00000   0.00000   0.00000   0.00000   0.00000   0.00026   0.00505   0.00551   0.00000   0.00000   0.00000   0.00180   0.01761   0.00000   0.00000   0.00000   0.03904   0.00000   0.00000   0.00000   0.00406   0.00564   0.00000   0.01567   0.00000   0.00000   0.02790   0.01467   0.00000   0.03716   0.02732   0.01127   0.00817   0.00000   0.02122   0.03862   1.98447   1.06614   0.03506   0.22581   2.17801  
 27 357.2293   2392.065974  x:  0.13489   0.00000   0.01820   0.00187   0.00825   0.00000   0.00000   0.00086   0.00000   0.00000   0.01437   0.00000   0.00000   0.00000   0.00000   0.00000   0.00000   0.00023   0.00429   0.00469   0.00000   0.00000   0.00000   0.00146   0.01548   0.00000   0.00000   0.00000   0.01613   0.00000   0.00000   0.00000   0.00657   0.00794   0.00000   0.01526   0.00000   0.00000   0.02144   0.01276   0.00000   0.02791   0.02603   0.01554   0.00754   0.00000   0.01945   0.04543   1.98544   1.06557   0.03568   0.23444   2.17800  
 28 557.7611   2391.523256  x:  0.13640   0.00000   0.01816   0.00193   0.00865   0.00000   0.00000   0.00090   0.00000   0.00000   0.01548   0.00000   0.00000   0.00000   0.00000   0.00000   0.00000   0.00024   0.00461   0.00470   0.00000   0.00000   0.00000   0.00152   0.01508   0.00000   0.00000   0.00000   0.01605   0.00000   0.00000   0.00000   0.00290   0.00963   0.00000   0.01514   0.00000   0.00000   0.02048   0.01310   0.00000   0.02550   0.02616   0.01543   0.00748   0.00000   0.02086   0.04742   1.98584   1.06515   0.03611   0.23553   2.17801  
 29 88.6320   2389.003691  x:  0.13660   0.00000   0.01854   0.00233   0.00946   0.00000   0.00000   0.00108   0.00000   0.00000   0.01756   0.00000   0.00000   0.00000   0.00000   0.00000   0.00000   0.00033   0.00441   0.00497   0.00000   0.00000   0.00000   0.00163   0.01217   0.00000   0.00000   0.00000   0.01706   0.00000   0.00000   0.00000   0.00271   0.00421   0.00000   0.01424   0.00000   0.00000   0.01633   0.01574   0.00000   0.01628   0.02779   0.01963   0.00679   0.00000   0.02166   0.05115   1.98881   1.06193   0.03940   0.24315   2.17815  
 30 60.5073   2387.305159  x:  0.14318   0.00000   0.01796   0.00256   0.00829   0.00000   0.00000   0.00114   0.00000   0.00000   0.01596   0.00000   0.00000   0.00000   0.00000   0.00000   0.00000   0.00031   0.00371   0.00468   0.00000   0.00000   0.00000   0.00157   0.01119   0.00000   0.00000   0.00000   0.01906   0.00000   0.00000   0.00000   0.00357   0.00573   0.00000   0.01374   0.00000   0.00000   0.01628   0.01530   0.00000   0.00785   0.02794   0.01819   0.00648   0.00000   0.02065   0.04620   1.99003   1.06161   0.03946   0.24484   2.17846  
 31 76.3277   2387.096387  x:  0.14499   0.00000   0.01797   0.00258   0.00829   0.00000   0.00000   0.00117   0.00000   0.00000   0.01603   0.00000   0.00000   0.00000   0.00000   0.00000   0.00000   0.00031   0.00371   0.00469   0.00000   0.00000   0.00000   0.00161   0.01115   0.00000   0.00000   0.00000   0.01962   0.00000   0.00000   0.00000   0.00395   0.00615   0.00000   0.01371   0.00000   0.00000   0.01260   0.01556   0.00000   0.00844   0.02800   0.01778   0.00648   0.00000   0.02078   0.04443   1.99023   1.06170   0.03930   0.24455   2.17854  
 32 85.4117   2383.759275  x:  0.17734   0.00000   0.01948   0.00210   0.00691   0.00000   0.00000   0.00159   0.00000   0.00000   0.01354   0.00000   0.00000   0.00000   0.00000   0.00000   0.00000   0.00033   0.00277   0.00428   0.00000   0.00000   0.00000   0.00213   0.00900   0.00000   0.00000   0.00000   0.01769   0.00000   0.00000   0.00000   0.00352   0.00602   0.00000   0.01424   0.00000   0.00000   0.01246   0.01492   0.00000   0.00838   0.02823   0.01737   0.00665   0.00000   0.01961   0.00000   1.99732   1.06215   0.03747   0.24350   2.18038  
 33 27.9457   2381.698114  x:  0.13342   0.00000   0.01839   0.00247   0.00780   0.00000   0.00000   0.00128   0.00000   0.00000   0.01516   0.00000   0.00000   0.00000   0.00000   0.00000   0.00000   0.00031   0.00334   0.00452   0.00000   0.00000   0.00000   0.00175   0.01077   0.00000   0.00000   0.00000   0.01927   0.00000   0.00000   0.00000   0.00381   0.00608   0.00000   0.01382   0.00000   0.00000   0.01256   0.01529   0.00000   0.00847   0.02795   0.01768   0.00654   0.00000   0.02026   0.00000   1.99192   1.06110   0.03945   0.24511   2.17898  
 34 215.1817   2379.281583  x:  0.13350   0.00000   0.01534   0.00237   0.00599   0.00000   0.00000   0.00122   0.00000   0.00000   0.00957   0.00000   0.00000   0.00000   0.00000   0.00000   0.00000   0.00033   0.00341   0.00581   0.00000   0.00000   0.00000   0.00149   0.01055   0.00000   0.00000   0.00000   0.02432   0.00000   0.00000   0.00000   0.00284   0.00565   0.00000   0.01062   0.00000   0.00000   0.01248   0.00782   0.00000   0.00979   0.02662   0.01961   0.00578   0.00000   0.01604   0.00000   2.01616   1.05944   0.04534   0.25282   2.18147  
 35  3.3099   2376.268422  x:  0.13410   0.00000   0.01511   0.00394   0.00777   0.00000   0.00000   0.00161   0.00000   0.00000   0.00930   0.00000   0.00000   0.00000   0.00000   0.00000   0.00000   0.00044   0.00423   0.00664   0.00000   0.00000   0.00000   0.00243   0.00754   0.00000   0.00000   0.00000   0.02681   0.00000   0.00000   0.00000   0.00489   0.00717   0.00000   0.00459   0.00000   0.00000   0.01605   0.00976   0.00000   0.01293   0.02791   0.01867   0.00469   0.00000   0.00915   0.00000   2.06627   1.04779   0.06573   0.27605   2.18736  
 36  6.5218   2375.745824  x:  0.13405   0.00000   0.01265   0.00388   0.00564   0.00000   0.00000   0.00166   0.00000   0.00000   0.01277   0.00000   0.00000   0.00000   0.00000   0.00000   0.00000   0.00053   0.00351   0.00714   0.00000   0.00000   0.00000   0.00250   0.00782   0.00000   0.00000   0.00000   0.02701   0.00000   0.00000   0.00000   0.00510   0.00739   0.00000   0.00528   0.00000   0.00000   0.01631   0.00934   0.00000   0.01320   0.02675   0.01878   0.00470   0.00000   0.00756   0.00000   2.11433   1.03267   0.08961   0.28023   2.19458  
 37  2.6425   2375.383098  x:  0.13390   0.00000   0.01431   0.00397   0.00511   0.00000   0.00000   0.00144   0.00000   0.00000   0.01343   0.00000   0.00000   0.00000   0.00000   0.00000   0.00000   0.00059   0.00312   0.00555   0.00000   0.00000   0.00000   0.00231   0.00608   0.00000   0.00000   0.00000   0.02806   0.00000   0.00000   0.00000   0.00476   0.00752   0.00000   0.00437   0.00000   0.00000   0.01615   0.00933   0.00000   0.01334   0.02437   0.01958   0.00520   0.00000   0.00785   0.00000   2.17913   1.01143   0.12418   0.28901   2.20558  
 38  3.6021   2374.758099  x:  0.13382   0.00000   0.01181   0.00427   0.00590   0.00000   0.00000   0.00144   0.00000   0.00000   0.01197   0.00000   0.00000   0.00000   0.00000   0.00000   0.00000   0.00067   0.00373   0.00451   0.00000   0.00000   0.00000   0.00265   0.00848   0.00000   0.00000   0.00000   0.02702   0.00000   0.00000   0.00000   0.00414   0.00747   0.00000   0.00417   0.00000   0.00000   0.01529   0.01003   0.00000   0.01241   0.02087   0.02021   0.00614   0.00000   0.00775   0.00000   2.31969   0.96298   0.20317   0.30429   2.23102  
 39  8.5390   2374.356674  x:  0.13329   0.00000   0.01107   0.00479   0.00699   0.00000   0.00000   0.00153   0.00000   0.00000   0.01197   0.00000   0.00000   0.00000   0.00000   0.00000   0.00000   0.00070   0.00439   0.00474   0.00000   0.00000   0.00000   0.00280   0.00588   0.00000   0.00000   0.00000   0.02638   0.00000   0.00000   0.00000   0.00411   0.00778   0.00000   0.00601   0.00000   0.00000   0.01523   0.00935   0.00000   0.01226   0.02059   0.02043   0.00631   0.00000   0.00866   0.00000   2.41462   0.94477   0.24880   0.30453   2.25077  
 40  6.7983   2374.059016  x:  0.13306   0.00000   0.01080   0.00542   0.00600   0.00000   0.00000   0.00156   0.00000   0.00000   0.01115   0.00000   0.00000   0.00000   0.00000   0.00000   0.00000   0.00076   0.00317   0.00606   0.00000   0.00000   0.00000   0.00275   0.00643   0.00000   0.00000   0.00000   0.02610   0.00000   0.00000   0.00000   0.00381   0.00816   0.00000   0.00602   0.00000   0.00000   0.01531   0.01060   0.00000   0.01245   0.02160   0.02086   0.00674   0.00000   0.01044   0.00000   2.48535   0.93172   0.29403   0.31271   2.27018  
 41  3.5730   2373.721516  x:  0.13233   0.00000   0.01312   0.00572   0.00579   0.00000   0.00000   0.00168   0.00000   0.00000   0.01178   0.00000   0.00000   0.00000   0.00000   0.00000   0.00000   0.00083   0.00440   0.00707   0.00000   0.00000   0.00000   0.00284   0.00706   0.00000   0.00000   0.00000   0.02420   0.00000   0.00000   0.00000   0.00351   0.00828   0.00000   0.00576   0.00000   0.00000   0.01450   0.00942   0.00000   0.01142   0.02303   0.02076   0.00773   0.00000   0.00979   0.00000   2.55950   0.93069   0.34549   0.32465   2.29728  
 42  3.7063   2373.491592  x:  0.13120   0.00000   0.01298   0.00552   0.00645   0.00000   0.00000   0.00166   0.00000   0.00000   0.01089   0.00000   0.00000   0.00000   0.00000   0.00000   0.00000   0.00092   0.00391   0.00713   0.00000   0.00000   0.00000   0.00252   0.00639   0.00000   0.00000   0.00000   0.02374   0.00000   0.00000   0.00000   0.00293   0.00841   0.00000   0.00594   0.00000   0.00000   0.01388   0.01041   0.00000   0.01101   0.02427   0.02101   0.00815   0.00000   0.00765   0.00000   2.58628   0.96860   0.35392   0.32137   2.31770  
 43  1.9770   2373.285087  x:  0.13010   0.00000   0.01182   0.00591   0.00690   0.00000   0.00000   0.00196   0.00000   0.00000   0.01150   0.00000   0.00000   0.00000   0.00000   0.00000   0.00000   0.00097   0.00342   0.00620   0.00000   0.00000   0.00000   0.00237   0.00629   0.00000   0.00000   0.00000   0.02285   0.00000   0.00000   0.00000   0.00275   0.00854   0.00000   0.00514   0.00000   0.00000   0.01365   0.00942   0.00000   0.01089   0.02636   0.02106   0.00847   0.00000   0.00838   0.00000   2.58520   1.03075   0.34744   0.31385   2.34174  
 44  2.3714   2373.038869  x:  0.12833   0.00000   0.01141   0.00628   0.00517   0.00000   0.00000   0.00214   0.00000   0.00000   0.01073   0.00000   0.00000   0.00000   0.00000   0.00000   0.00000   0.00104   0.00430   0.00595   0.00000   0.00000   0.00000   0.00249   0.00562   0.00000   0.00000   0.00000   0.02206   0.00000   0.00000   0.00000   0.00242   0.00859   0.00000   0.00508   0.00000   0.00000   0.01320   0.01020   0.00000   0.01049   0.02549   0.02124   0.00845   0.00000   0.00850   0.00000   2.52778   1.13074   0.33325   0.29433   2.38115  
 45  2.2759   2372.724590  x:  0.12654   0.00000   0.01270   0.00691   0.00586   0.00000   0.00000   0.00236   0.00000   0.00000   0.01092   0.00000   0.00000   0.00000   0.00000   0.00000   0.00000   0.00116   0.00303   0.00634   0.00000   0.00000   0.00000   0.00271   0.00589   0.00000   0.00000   0.00000   0.02147   0.00000   0.00000   0.00000   0.00218   0.00887   0.00000   0.00532   0.00000   0.00000   0.01280   0.00975   0.00000   0.01012   0.02225   0.02172   0.00848   0.00000   0.00828   0.00000   2.41408   1.22612   0.35704   0.27820   2.44446  
 46  3.5429   2372.458860  x:  0.12605   0.00000   0.01331   0.00752   0.00539   0.00000   0.00000   0.00262   0.00000   0.00000   0.01062   0.00000   0.00000   0.00000   0.00000   0.00000   0.00000   0.00127   0.00290   0.00505   0.00000   0.00000   0.00000   0.00269   0.00623   0.00000   0.00000   0.00000   0.02243   0.00000   0.00000   0.00000   0.00229   0.00920   0.00000   0.00624   0.00000   0.00000   0.01314   0.01012   0.00000   0.01064   0.02327   0.02242   0.00890   0.00000   0.00812   0.00000   2.26947   1.21181   0.48166   0.28926   2.52823  
 47  2.2439   2372.109157  x:  0.12450   0.00000   0.01254   0.00765   0.00558   0.00000   0.00000   0.00293   0.00000   0.00000   0.01121   0.00000   0.00000   0.00000   0.00000   0.00000   0.00000   0.00130   0.00292   0.00595   0.00000   0.00000   0.00000   0.00300   0.00480   0.00000   0.00000   0.00000   0.02137   0.00000   0.00000   0.00000   0.00259   0.00865   0.00000   0.00516   0.00000   0.00000   0.01238   0.01056   0.00000   0.00979   0.02231   0.02192   0.00866   0.00000   0.00788   0.00000   2.20717   1.22414   0.68591   0.31359   2.73558  
 48  0.7566   2371.615705  x:  0.12216   0.00000   0.01346   0.00816   0.00517   0.00000   0.00000   0.00334   0.00000   0.00000   0.01095   0.00000   0.00000   0.00000   0.00000   0.00000   0.00000   0.00146   0.00215   0.00489   0.00000   0.00000   0.00000   0.00401   0.00471   0.00000   0.00000   0.00000   0.02148   0.00000   0.00000   0.00000   0.00328   0.00801   0.00000   0.00523   0.00000   0.00000   0.01227   0.01087   0.00000   0.00961   0.02366   0.02150   0.00745   0.00000   0.00735   0.00000   2.46601   1.37713   0.95350   0.30118   3.08973  
 49  1.5440   2371.127867  x:  0.12493   0.00000   0.01348   0.00728   0.00549   0.00000   0.00000   0.00440   0.00000   0.00000   0.01108   0.00000   0.00000   0.00000   0.00000   0.00000   0.00000   0.00169   0.00378   0.00509   0.00000   0.00000   0.00000   0.00495   0.00570   0.00000   0.00000   0.00000   0.02143   0.00000   0.00000   0.00000   0.00237   0.00786   0.00000   0.00488   0.00000   0.00000   0.01411   0.01169   0.00000   0.01092   0.02367   0.02176   0.00731   0.00000   0.00761   0.00000   2.50544   1.56546   1.30001   0.27949   3.72493  
 50  0.6045   2370.757254  x:  0.12853   0.00000   0.01241   0.00640   0.00547   0.00000   0.00000   0.00475   0.00000   0.00000   0.01014   0.00000   0.00000   0.00000   0.00000   0.00000   0.00000   0.00209   0.00306   0.00539   0.00000   0.00000   0.00000   0.00623   0.00568   0.00000   0.00000   0.00000   0.02098   0.00000   0.00000   0.00000   0.00268   0.00774   0.00000   0.00511   0.00000   0.00000   0.01382   0.01060   0.00000   0.01074   0.02532   0.02150   0.00842   0.00000   0.00765   0.00000   2.33750   1.83367   1.54614   0.23474   4.44924  
 51  0.7522   2370.510230  x:  0.12801   0.00000   0.01321   0.00522   0.00523   0.00000   0.00000   0.00576   0.00000   0.00000   0.01034   0.00000   0.00000   0.00000   0.00000   0.00000   0.00000   0.00232   0.00233   0.00555   0.00000   0.00000   0.00000   0.00597   0.00520   0.00000   0.00000   0.00000   0.02114   0.00000   0.00000   0.00000   0.00279   0.00770   0.00000   0.00540   0.00000   0.00000   0.01343   0.01104   0.00000   0.01105   0.02282   0.02063   0.00804   0.00000   0.00806   0.00000   2.38625   1.94638   1.80865   0.20345   5.12936  
 52  0.7635   2370.446339  x:  0.12621   0.00000   0.01324   0.00491   0.00525   0.00000   0.00000   0.00580   0.00000   0.00000   0.01049   0.00000   0.00000   0.00000   0.00000   0.00000   0.00000   0.00246   0.00247   0.00521   0.00000   0.00000   0.00000   0.00607   0.00517   0.00000   0.00000   0.00000   0.02085   0.00000   0.00000   0.00000   0.00237   0.00788   0.00000   0.00542   0.00000   0.00000   0.01280   0.01069   0.00000   0.01045   0.02357   0.02097   0.00762   0.00000   0.00818   0.00000   2.39667   1.92933   1.86519   0.19459   5.37664  
 53  0.3846   2370.413276  x:  0.12507   0.00000   0.01335   0.00479   0.00516   0.00000   0.00000   0.00599   0.00000   0.00000   0.01036   0.00000   0.00000   0.00000   0.00000   0.00000   0.00000   0.00253   0.00275   0.00511   0.00000   0.00000   0.00000   0.00586   0.00518   0.00000   0.00000   0.00000   0.02082   0.00000   0.00000   0.00000   0.00275   0.00799   0.00000   0.00535   0.00000   0.00000   0.01299   0.01042   0.00000   0.01041   0.02365   0.02103   0.00774   0.00000   0.00780   0.00000   2.42097   1.89731   1.86448   0.18261   5.56489  
 54  0.2532   2370.413209  x:  0.12505   0.00000   0.01335   0.00479   0.00516   0.00000   0.00000   0.00599   0.00000   0.00000   0.01036   0.00000   0.00000   0.00000   0.00000   0.00000   0.00000   0.00254   0.00276   0.00511   0.00000   0.00000   0.00000   0.00586   0.00518   0.00000   0.00000   0.00000   0.02082   0.00000   0.00000   0.00000   0.00276   0.00799   0.00000   0.00535   0.00000   0.00000   0.01299   0.01041   0.00000   0.01041   0.02365   0.02103   0.00775   0.00000   0.00779   0.00022   2.42134   1.89681   1.86447   0.18243   5.56788  
 55  7.1212   2370.379404  x:  0.12598   0.00000   0.01336   0.00489   0.00517   0.00000   0.00000   0.00607   0.00000   0.00000   0.01032   0.00000   0.00000   0.00000   0.00000   0.00000   0.00000   0.00262   0.00257   0.00511   0.00000   0.00000   0.00000   0.00569   0.00516   0.00000   0.00000   0.00000   0.02087   0.00000   0.00000   0.00000   0.00262   0.00808   0.00000   0.00524   0.00000   0.00000   0.01330   0.01025   0.00000   0.01047   0.02395   0.02102   0.00792   0.00000   0.00770   0.00000   2.42760   1.86154   1.87002   0.17053   5.78163  
 56  0.2593   2370.379404  x:  0.12598   0.00000   0.01336   0.00489   0.00517   0.00000   0.00000   0.00607   0.00000   0.00000   0.01032   0.00000   0.00000   0.00000   0.00000   0.00000   0.00000   0.00262   0.00257   0.00511   0.00000   0.00000   0.00000   0.00569   0.00516   0.00000   0.00000   0.00000   0.02087   0.00000   0.00000   0.00000   0.00262   0.00808   0.00000   0.00524   0.00000   0.00000   0.01330   0.01025   0.00000   0.01047   0.02395   0.02102   0.00792   0.00000   0.00770   0.00000   2.42760   1.86154   1.87002   0.17053   5.78163  
 57  0.4229   2370.341159  x:  0.12602   0.00000   0.01329   0.00527   0.00526   0.00000   0.00000   0.00526   0.00000   0.00000   0.01042   0.00000   0.00000   0.00000   0.00000   0.00000   0.00000   0.00262   0.00268   0.00526   0.00000   0.00000   0.00000   0.00522   0.00525   0.00000   0.00000   0.00000   0.02093   0.00000   0.00000   0.00000   0.00258   0.00795   0.00000   0.00524   0.00000   0.00000   0.01325   0.01040   0.00000   0.01049   0.02392   0.02102   0.00791   0.00000   0.00784   0.00001   2.42759   1.86154   1.87003   0.17052   5.78163  
 58 69.4207   2370.340222  x:  0.12605   0.00000   0.01326   0.00523   0.00525   0.00000   0.00000   0.00522   0.00000   0.00000   0.01045   0.00000   0.00000   0.00000   0.00000   0.00000   0.00000   0.00262   0.00259   0.00525   0.00000   0.00000   0.00000   0.00522   0.00524   0.00000   0.00000   0.00000   0.02096   0.00000   0.00000   0.00000   0.00261   0.00792   0.00000   0.00524   0.00000   0.00000   0.01322   0.01045   0.00000   0.01050   0.02390   0.02103   0.00791   0.00000   0.00786   0.00000   2.42759   1.86154   1.87003   0.17051   5.78163  
 59 13.2174   2370.339667  x:  0.12611   0.00000   0.01321   0.00519   0.00524   0.00000   0.00000   0.00521   0.00000   0.00000   0.01049   0.00000   0.00000   0.00000   0.00000   0.00000   0.00000   0.00262   0.00262   0.00523   0.00000   0.00000   0.00000   0.00524   0.00523   0.00000   0.00000   0.00000   0.02102   0.00000   0.00000   0.00000   0.00260   0.00788   0.00000   0.00524   0.00000   0.00000   0.01318   0.01053   0.00000   0.01051   0.02386   0.02104   0.00791   0.00000   0.00789   0.00000   2.42759   1.86154   1.87003   0.17048   5.78163  
 60  8.7822   2370.339366  x:  0.12622   0.00000   0.01318   0.00523   0.00525   0.00000   0.00000   0.00526   0.00000   0.00000   0.01051   0.00000   0.00000   0.00000   0.00000   0.00000   0.00000   0.00262   0.00262   0.00525   0.00000   0.00000   0.00000   0.00523   0.00524   0.00000   0.00000   0.00000   0.02108   0.00000   0.00000   0.00000   0.00260   0.00789   0.00000   0.00524   0.00000   0.00000   0.01315   0.01056   0.00000   0.01052   0.02381   0.02105   0.00791   0.00000   0.00788   0.00000   2.42759   1.86155   1.87003   0.17043   5.78164  
 61  4.9369   2370.338888  x:  0.12653   0.00000   0.01317   0.00521   0.00525   0.00000   0.00000   0.00522   0.00000   0.00000   0.01048   0.00000   0.00000   0.00000   0.00000   0.00000   0.00000   0.00262   0.00262   0.00524   0.00000   0.00000   0.00000   0.00524   0.00524   0.00000   0.00000   0.00000   0.02118   0.00000   0.00000   0.00000   0.00260   0.00793   0.00000   0.00524   0.00000   0.00000   0.01315   0.01050   0.00000   0.01051   0.02373   0.02106   0.00791   0.00000   0.00785   0.00000   2.42758   1.86155   1.87004   0.17030   5.78164  
 62  5.3508   2370.338395  x:  0.12693   0.00000   0.01323   0.00521   0.00525   0.00000   0.00000   0.00524   0.00000   0.00000   0.01047   0.00000   0.00000   0.00000   0.00000   0.00000   0.00000   0.00263   0.00262   0.00524   0.00000   0.00000   0.00000   0.00523   0.00524   0.00000   0.00000   0.00000   0.02115   0.00000   0.00000   0.00000   0.00261   0.00787   0.00000   0.00524   0.00000   0.00000   0.01320   0.01049   0.00000   0.01051   0.02373   0.02106   0.00790   0.00000   0.00790   0.00000   2.42758   1.86155   1.87006   0.17009   5.78165  
 63  7.1068   2370.338230  x:  0.12707   0.00000   0.01323   0.00522   0.00525   0.00000   0.00000   0.00524   0.00000   0.00000   0.01048   0.00000   0.00000   0.00000   0.00000   0.00000   0.00000   0.00260   0.00261   0.00524   0.00000   0.00000   0.00000   0.00523   0.00524   0.00000   0.00000   0.00000   0.02112   0.00000   0.00000   0.00000   0.00258   0.00787   0.00000   0.00524   0.00000   0.00000   0.01320   0.01050   0.00000   0.01051   0.02376   0.02105   0.00791   0.00000   0.00790   0.00000   2.42757   1.86155   1.87007   0.17001   5.78166  
 64  9.2777   2370.338050  x:  0.12722   0.00000   0.01322   0.00522   0.00525   0.00000   0.00000   0.00523   0.00000   0.00000   0.01050   0.00000   0.00000   0.00000   0.00000   0.00000   0.00000   0.00262   0.00262   0.00524   0.00000   0.00000   0.00000   0.00524   0.00524   0.00000   0.00000   0.00000   0.02107   0.00000   0.00000   0.00000   0.00260   0.00790   0.00000   0.00524   0.00000   0.00000   0.01319   0.01053   0.00000   0.01052   0.02380   0.02105   0.00791   0.00000   0.00787   0.00000   2.42757   1.86155   1.87008   0.16989   5.78166  
 65 10.2603   2370.337991  x:  0.12724   0.00000   0.01320   0.00521   0.00525   0.00000   0.00000   0.00524   0.00000   0.00000   0.01049   0.00000   0.00000   0.00000   0.00000   0.00000   0.00000   0.00262   0.00262   0.00525   0.00000   0.00000   0.00000   0.00522   0.00524   0.00000   0.00000   0.00000   0.02106   0.00000   0.00000   0.00000   0.00260   0.00790   0.00000   0.00524   0.00000   0.00000   0.01317   0.01052   0.00000   0.01051   0.02382   0.02104   0.00791   0.00000   0.00787   0.00000   2.42756   1.86155   1.87008   0.16981   5.78167  
 66  2.1705   2370.337883  x:  0.12726   0.00000   0.01316   0.00522   0.00525   0.00000   0.00000   0.00523   0.00000   0.00000   0.01047   0.00000   0.00000   0.00000   0.00000   0.00000   0.00000   0.00263   0.00262   0.00524   0.00000   0.00000   0.00000   0.00524   0.00524   0.00000   0.00000   0.00000   0.02106   0.00000   0.00000   0.00000   0.00259   0.00789   0.00000   0.00524   0.00000   0.00000   0.01315   0.01050   0.00000   0.01051   0.02386   0.02105   0.00791   0.00000   0.00789   0.00000   2.42755   1.86155   1.87010   0.16961   5.78168  
 67  3.6072   2370.337647  x:  0.12726   0.00000   0.01316   0.00523   0.00525   0.00000   0.00000   0.00523   0.00000   0.00000   0.01047   0.00000   0.00000   0.00000   0.00000   0.00000   0.00000   0.00258   0.00263   0.00523   0.00000   0.00000   0.00000   0.00526   0.00523   0.00000   0.00000   0.00000   0.02108   0.00000   0.00000   0.00000   0.00262   0.00788   0.00000   0.00525   0.00000   0.00000   0.01314   0.01049   0.00000   0.01051   0.02390   0.02105   0.00791   0.00000   0.00789   0.00000   2.42753   1.86155   1.87014   0.16912   5.78170  
 68  9.0943   2370.333675  x:  0.12726   0.00000   0.01327   0.00521   0.00524   0.00000   0.00000   0.00524   0.00000   0.00000   0.01051   0.00000   0.00000   0.00000   0.00000   0.00000   0.00000   0.00262   0.00262   0.00524   0.00000   0.00000   0.00000   0.00522   0.00524   0.00000   0.00000   0.00000   0.02143   0.00000   0.00000   0.00000   0.00260   0.00788   0.00000   0.00524   0.00000   0.00000   0.01324   0.01054   0.00000   0.01051   0.02430   0.02109   0.00790   0.00000   0.00784   0.00000   2.42716   1.86153   1.87085   0.16067   5.78213  
 69 56.7387   2370.324685  x:  0.12716   0.00000   0.01325   0.00520   0.00532   0.00000   0.00000   0.00523   0.00000   0.00000   0.01047   0.00000   0.00000   0.00000   0.00000   0.00000   0.00000   0.00262   0.00262   0.00528   0.00000   0.00000   0.00000   0.00527   0.00525   0.00000   0.00000   0.00000   0.02120   0.00000   0.00000   0.00000   0.00260   0.00805   0.00000   0.00524   0.00000   0.00000   0.01318   0.01055   0.00000   0.01055   0.02398   0.02107   0.00793   0.00000   0.00805   0.00000   2.42632   1.86148   1.87245   0.14177   5.78310  
 70 116.3021   2370.322544  x:  0.12714   0.00000   0.01322   0.00522   0.00522   0.00000   0.00000   0.00524   0.00000   0.00000   0.01047   0.00000   0.00000   0.00000   0.00000   0.00000   0.00000   0.00262   0.00262   0.00522   0.00000   0.00000   0.00000   0.00522   0.00523   0.00000   0.00000   0.00000   0.02110   0.00000   0.00000   0.00000   0.00260   0.00792   0.00000   0.00524   0.00000   0.00000   0.01317   0.01052   0.00000   0.01053   0.02385   0.02105   0.00791   0.00000   0.00790   0.00000   2.42612   1.86146   1.87283   0.13728   5.78334  
 71 191.9269   2370.322430  x:  0.12714   0.00000   0.01321   0.00521   0.00525   0.00000   0.00000   0.00523   0.00000   0.00000   0.01048   0.00000   0.00000   0.00000   0.00000   0.00000   0.00000   0.00262   0.00262   0.00524   0.00000   0.00000   0.00000   0.00523   0.00524   0.00000   0.00000   0.00000   0.02109   0.00000   0.00000   0.00000   0.00260   0.00789   0.00000   0.00524   0.00000   0.00000   0.01317   0.01052   0.00000   0.01052   0.02384   0.02105   0.00790   0.00000   0.00787   0.00000   2.42610   1.86145   1.87286   0.13704   5.78335  
 72 15.2007   2370.322417  x:  0.12714   0.00000   0.01320   0.00521   0.00525   0.00000   0.00000   0.00523   0.00000   0.00000   0.01049   0.00000   0.00000   0.00000   0.00000   0.00000   0.00000   0.00262   0.00262   0.00524   0.00000   0.00000   0.00000   0.00523   0.00524   0.00000   0.00000   0.00000   0.02109   0.00000   0.00000   0.00000   0.00260   0.00790   0.00000   0.00524   0.00000   0.00000   0.01318   0.01052   0.00000   0.01050   0.02384   0.02104   0.00791   0.00000   0.00788   0.00000   2.42610   1.86143   1.87289   0.13702   5.78335  
 73  0.7350   2370.322238  x:  0.12714   0.00000   0.01317   0.00521   0.00523   0.00000   0.00000   0.00523   0.00000   0.00000   0.01048   0.00000   0.00000   0.00000   0.00000   0.00000   0.00000   0.00262   0.00262   0.00526   0.00000   0.00000   0.00000   0.00524   0.00525   0.00000   0.00000   0.00000   0.02110   0.00000   0.00000   0.00000   0.00260   0.00789   0.00000   0.00524   0.00000   0.00000   0.01323   0.01052   0.00000   0.01053   0.02384   0.02097   0.00792   0.00000   0.00787   0.00000   2.42596   1.86091   1.87346   0.13669   5.78346  
 74  1.2949   2370.321677  x:  0.12714   0.00000   0.01315   0.00522   0.00529   0.00000   0.00000   0.00524   0.00000   0.00000   0.01045   0.00000   0.00000   0.00000   0.00000   0.00000   0.00000   0.00262   0.00262   0.00520   0.00000   0.00000   0.00000   0.00522   0.00521   0.00000   0.00000   0.00000   0.02112   0.00000   0.00000   0.00000   0.00260   0.00789   0.00000   0.00523   0.00000   0.00000   0.01325   0.01053   0.00000   0.01057   0.02384   0.02084   0.00791   0.00000   0.00787   0.00000   2.42555   1.85927   1.87529   0.13568   5.78379  
 75 32.0792   2370.315211  x:  0.12714   0.00000   0.01339   0.00521   0.00522   0.00000   0.00000   0.00523   0.00000   0.00000   0.01049   0.00000   0.00000   0.00000   0.00000   0.00000   0.00000   0.00262   0.00262   0.00526   0.00000   0.00000   0.00000   0.00524   0.00526   0.00000   0.00000   0.00000   0.02118   0.00000   0.00000   0.00000   0.00260   0.00791   0.00000   0.00525   0.00000   0.00000   0.01293   0.01052   0.00000   0.01043   0.02384   0.02039   0.00774   0.00000   0.00788   0.00000   2.42072   1.84040   1.89627   0.12409   5.78760  
 76 120.6042   2370.288130  x:  0.12714   0.00000   0.01346   0.00523   0.00525   0.00000   0.00000   0.00524   0.00000   0.00000   0.01059   0.00000   0.00000   0.00000   0.00000   0.00000   0.00000   0.00262   0.00262   0.00525   0.00000   0.00000   0.00000   0.00524   0.00519   0.00000   0.00000   0.00000   0.02116   0.00000   0.00000   0.00000   0.00260   0.00784   0.00000   0.00517   0.00000   0.00000   0.01284   0.01047   0.00000   0.01038   0.02383   0.02054   0.00845   0.00000   0.00786   0.00000   2.40037   1.76071   1.98487   0.07517   5.80371  
 77 759.3950   2370.269889  x:  0.12714   0.00000   0.01324   0.00521   0.00526   0.00000   0.00000   0.00525   0.00000   0.00000   0.01052   0.00000   0.00000   0.00000   0.00000   0.00000   0.00000   0.00262   0.00262   0.00521   0.00000   0.00000   0.00000   0.00522   0.00529   0.00000   0.00000   0.00000   0.02109   0.00000   0.00000   0.00000   0.00260   0.00789   0.00000   0.00532   0.00000   0.00000   0.01314   0.01051   0.00000   0.01052   0.02382   0.02098   0.00795   0.00000   0.00787   0.00000   2.38686   1.70783   2.04367   0.04271   5.81440  
 78 2240.1850   2370.269485  x:  0.12714   0.00000   0.01323   0.00522   0.00525   0.00000   0.00000   0.00524   0.00000   0.00000   0.01051   0.00000   0.00000   0.00000   0.00000   0.00000   0.00000   0.00262   0.00262   0.00524   0.00000   0.00000   0.00000   0.00524   0.00524   0.00000   0.00000   0.00000   0.02109   0.00000   0.00000   0.00000   0.00260   0.00789   0.00000   0.00524   0.00000   0.00000   0.01315   0.01052   0.00000   0.01052   0.02382   0.02099   0.00792   0.00000   0.00787   0.00000   2.38656   1.70665   2.04498   0.04198   5.81464  
 79 134.5159   2370.269480  x:  0.12714   0.00000   0.01323   0.00522   0.00525   0.00000   0.00000   0.00524   0.00000   0.00000   0.01050   0.00000   0.00000   0.00000   0.00000   0.00000   0.00000   0.00262   0.00262   0.00524   0.00000   0.00000   0.00000   0.00524   0.00524   0.00000   0.00000   0.00000   0.02109   0.00000   0.00000   0.00000   0.00260   0.00789   0.00000   0.00524   0.00000   0.00000   0.01315   0.01052   0.00000   0.01051   0.02382   0.02099   0.00792   0.00000   0.00787   0.00000   2.38657   1.70663   2.04500   0.04197   5.81464  
 80  1.0111   2370.269469  x:  0.12714   0.00000   0.01323   0.00522   0.00525   0.00000   0.00000   0.00524   0.00000   0.00000   0.01050   0.00000   0.00000   0.00000   0.00000   0.00000   0.00000   0.00262   0.00262   0.00525   0.00000   0.00000   0.00000   0.00524   0.00523   0.00000   0.00000   0.00000   0.02109   0.00000   0.00000   0.00000   0.00260   0.00789   0.00000   0.00525   0.00000   0.00000   0.01316   0.01053   0.00000   0.01051   0.02382   0.02099   0.00792   0.00000   0.00787   0.00000   2.38665   1.70661   2.04505   0.04195   5.81467  
 81  0.2471   2370.264349  x:  0.12714   0.00000   0.01323   0.00522   0.00525   0.00000   0.00000   0.00524   0.00000   0.00000   0.01050   0.00000   0.00000   0.00000   0.00000   0.00000   0.00000   0.00262   0.00262   0.00524   0.00000   0.00000   0.00000   0.00524   0.00524   0.00000   0.00000   0.00000   0.02109   0.00000   0.00000   0.00000   0.00260   0.00790   0.00000   0.00524   0.00000   0.00000   0.01316   0.01052   0.00000   0.01051   0.02382   0.02100   0.00792   0.00000   0.00787   0.00000   2.43142   1.69510   2.07134   0.03092   5.82910  
 82  7.9222   2370.258088  x:  0.12698   0.00000   0.01318   0.00522   0.00526   0.00000   0.00000   0.00524   0.00000   0.00000   0.01048   0.00000   0.00000   0.00000   0.00000   0.00000   0.00000   0.00262   0.00262   0.00524   0.00000   0.00000   0.00000   0.00524   0.00524   0.00000   0.00000   0.00000   0.02111   0.00000   0.00000   0.00000   0.00260   0.00792   0.00000   0.00525   0.00000   0.00000   0.01323   0.01053   0.00000   0.01054   0.02387   0.02117   0.00788   0.00000   0.00790   0.00000   2.43104   1.74997   2.11536   0.01874   5.94943  
 83  0.0635   2370.236564  x:  0.12733   0.00000   0.01323   0.00522   0.00525   0.00000   0.00000   0.00524   0.00000   0.00000   0.01050   0.00000   0.00000   0.00000   0.00000   0.00000   0.00000   0.00262   0.00262   0.00524   0.00000   0.00000   0.00000   0.00524   0.00524   0.00000   0.00000   0.00000   0.02108   0.00000   0.00000   0.00000   0.00260   0.00788   0.00000   0.00523   0.00000   0.00000   0.01315   0.01052   0.00000   0.01052   0.02381   0.02102   0.00796   0.00000   0.00786   0.00000   2.42675   1.84747   2.28862   0.00000   6.46373  
 84  0.1243   2370.206851  x:  0.12869   0.00000   0.01325   0.00522   0.00524   0.00000   0.00000   0.00524   0.00000   0.00000   0.01050   0.00000   0.00000   0.00000   0.00000   0.00000   0.00000   0.00262   0.00262   0.00524   0.00000   0.00000   0.00000   0.00524   0.00524   0.00000   0.00000   0.00000   0.02107   0.00000   0.00000   0.00000   0.00260   0.00787   0.00000   0.00524   0.00000   0.00000   0.01312   0.01051   0.00000   0.01049   0.02378   0.02092   0.00795   0.00000   0.00785   0.00000   2.43708   2.10276   2.65711   0.00000   8.01501  
 85  1.2317   2370.190515  x:  0.12933   0.00000   0.01326   0.00522   0.00524   0.00000   0.00000   0.00524   0.00000   0.00000   0.01051   0.00000   0.00000   0.00000   0.00000   0.00000   0.00000   0.00262   0.00262   0.00524   0.00000   0.00000   0.00000   0.00523   0.00524   0.00000   0.00000   0.00000   0.02105   0.00000   0.00000   0.00000   0.00260   0.00786   0.00000   0.00523   0.00000   0.00000   0.01308   0.01050   0.00000   0.01048   0.02375   0.02086   0.00796   0.00000   0.00784   0.00000   2.43740   2.28346   2.78528   0.00000   8.87789  
 86  1.5483   2370.167422  x:  0.12958   0.00000   0.01315   0.00521   0.00527   0.00000   0.00000   0.00523   0.00000   0.00000   0.01047   0.00000   0.00000   0.00000   0.00000   0.00000   0.00000   0.00261   0.00261   0.00525   0.00000   0.00000   0.00000   0.00524   0.00524   0.00000   0.00000   0.00000   0.02113   0.00000   0.00000   0.00000   0.00259   0.00794   0.00000   0.00525   0.00000   0.00000   0.01328   0.01054   0.00000   0.01056   0.02392   0.02126   0.00785   0.00000   0.00792   0.00000   2.45351   2.24047   2.74426   0.00000   9.94379  
 87  0.4279   2370.166677  x:  0.12961   0.00000   0.01314   0.00521   0.00527   0.00000   0.00000   0.00523   0.00000   0.00000   0.01047   0.00000   0.00000   0.00000   0.00000   0.00000   0.00000   0.00261   0.00261   0.00525   0.00000   0.00000   0.00000   0.00524   0.00524   0.00000   0.00000   0.00000   0.02114   0.00000   0.00000   0.00000   0.00259   0.00795   0.00000   0.00525   0.00000   0.00000   0.01330   0.01055   0.00000   0.01056   0.02394   0.02131   0.00783   0.00000   0.00793   0.00084   2.45526   2.23582   2.73984   0.00000  10.06009  
 88 247.5863   2370.161121  x:  0.13066   0.00000   0.01324   0.00522   0.00524   0.00000   0.00000   0.00524   0.00000   0.00000   0.01050   0.00000   0.00000   0.00000   0.00000   0.00000   0.00000   0.00262   0.00262   0.00524   0.00000   0.00000   0.00000   0.00524   0.00524   0.00000   0.00000   0.00000   0.02106   0.00000   0.00000   0.00000   0.00260   0.00788   0.00000   0.00523   0.00000   0.00000   0.01313   0.01051   0.00000   0.01050   0.02378   0.02097   0.00795   0.00000   0.00786   0.00081   2.46215   2.36873   2.90450   0.00000  11.20913  
 89  0.6404   2370.160173  x:  0.13113   0.00000   0.01320   0.00522   0.00525   0.00000   0.00000   0.00524   0.00000   0.00000   0.01049   0.00000   0.00000   0.00000   0.00000   0.00000   0.00000   0.00262   0.00262   0.00524   0.00000   0.00000   0.00000   0.00524   0.00524   0.00000   0.00000   0.00000   0.02109   0.00000   0.00000   0.00000   0.00260   0.00790   0.00000   0.00525   0.00000   0.00000   0.01318   0.01052   0.00000   0.01052   0.02383   0.02105   0.00790   0.00000   0.00788   0.00059   2.45879   2.40277   2.94482   0.00000  11.72534  
 90  0.2949   2370.159221  x:  0.13115   0.00000   0.01320   0.00522   0.00525   0.00000   0.00000   0.00524   0.00000   0.00000   0.01049   0.00000   0.00000   0.00000   0.00000   0.00000   0.00000   0.00262   0.00262   0.00524   0.00000   0.00000   0.00000   0.00524   0.00524   0.00000   0.00000   0.00000   0.02109   0.00000   0.00000   0.00000   0.00260   0.00790   0.00000   0.00525   0.00000   0.00000   0.01318   0.01052   0.00000   0.01052   0.02383   0.02105   0.00790   0.00000   0.00788   0.00058   2.45878   2.40419   2.94651   0.00913  11.74250  
 91  0.4600   2370.156074  x:  0.13193   0.00000   0.01321   0.00521   0.00524   0.00000   0.00000   0.00524   0.00000   0.00000   0.01048   0.00000   0.00000   0.00000   0.00000   0.00000   0.00000   0.00261   0.00261   0.00523   0.00000   0.00000   0.00000   0.00524   0.00524   0.00000   0.00000   0.00000   0.02107   0.00000   0.00000   0.00000   0.00260   0.00789   0.00000   0.00522   0.00000   0.00000   0.01317   0.01052   0.00000   0.01053   0.02380   0.02106   0.00793   0.00000   0.00787   0.00034   2.46229   2.51468   2.99456   0.03600  12.23924  
 92  0.1250   2370.155547  x:  0.13188   0.00000   0.01321   0.00522   0.00525   0.00000   0.00000   0.00524   0.00000   0.00000   0.01049   0.00000   0.00000   0.00000   0.00000   0.00000   0.00000   0.00262   0.00262   0.00524   0.00000   0.00000   0.00000   0.00524   0.00524   0.00000   0.00000   0.00000   0.02108   0.00000   0.00000   0.00000   0.00260   0.00789   0.00000   0.00524   0.00000   0.00000   0.01317   0.01052   0.00000   0.01051   0.02381   0.02104   0.00792   0.00000   0.00787   0.00004   2.45841   2.48372   2.94028   0.04199  11.92315  
 93  0.2756   2370.155515  x:  0.13190   0.00000   0.01320   0.00522   0.00525   0.00000   0.00000   0.00524   0.00000   0.00000   0.01049   0.00000   0.00000   0.00000   0.00000   0.00000   0.00000   0.00262   0.00262   0.00524   0.00000   0.00000   0.00000   0.00524   0.00524   0.00000   0.00000   0.00000   0.02108   0.00000   0.00000   0.00000   0.00260   0.00790   0.00000   0.00524   0.00000   0.00000   0.01318   0.01052   0.00000   0.01052   0.02382   0.02105   0.00790   0.00000   0.00788   0.00000   2.45744   2.47974   2.93427   0.04220  11.83925  
 94  0.0622   2370.155509  x:  0.13196   0.00000   0.01321   0.00522   0.00525   0.00000   0.00000   0.00524   0.00000   0.00000   0.01049   0.00000   0.00000   0.00000   0.00000   0.00000   0.00000   0.00262   0.00262   0.00524   0.00000   0.00000   0.00000   0.00524   0.00524   0.00000   0.00000   0.00000   0.02108   0.00000   0.00000   0.00000   0.00260   0.00790   0.00000   0.00524   0.00000   0.00000   0.01318   0.01052   0.00000   0.01052   0.02382   0.02105   0.00791   0.00000   0.00788   0.00000   2.45760   2.47916   2.93404   0.04206  11.83204  
 95  0.0076   2370.155507  x:  0.13197   0.00000   0.01321   0.00522   0.00525   0.00000   0.00000   0.00524   0.00000   0.00000   0.01049   0.00000   0.00000   0.00000   0.00000   0.00000   0.00000   0.00262   0.00262   0.00524   0.00000   0.00000   0.00000   0.00524   0.00524   0.00000   0.00000   0.00000   0.02108   0.00000   0.00000   0.00000   0.00260   0.00790   0.00000   0.00524   0.00000   0.00000   0.01318   0.01052   0.00000   0.01052   0.02382   0.02105   0.00791   0.00000   0.00788   0.00000   2.45784   2.47691   2.93256   0.04166  11.82979  
 96  0.0033   2370.155507  x:  0.13198   0.00000   0.01321   0.00522   0.00525   0.00000   0.00000   0.00524   0.00000   0.00000   0.01049   0.00000   0.00000   0.00000   0.00000   0.00000   0.00000   0.00262   0.00262   0.00524   0.00000   0.00000   0.00000   0.00524   0.00524   0.00000   0.00000   0.00000   0.02108   0.00000   0.00000   0.00000   0.00260   0.00790   0.00000   0.00524   0.00000   0.00000   0.01318   0.01052   0.00000   0.01052   0.02382   0.02105   0.00791   0.00000   0.00788   0.00000   2.45786   2.47717   2.93282   0.04169  11.83298  
 97  0.0047   2370.155507  x:  0.13198   0.00000   0.01321   0.00522   0.00525   0.00000   0.00000   0.00524   0.00000   0.00000   0.01049   0.00000   0.00000   0.00000   0.00000   0.00000   0.00000   0.00262   0.00262   0.00524   0.00000   0.00000   0.00000   0.00524   0.00524   0.00000   0.00000   0.00000   0.02108   0.00000   0.00000   0.00000   0.00260   0.00790   0.00000   0.00524   0.00000   0.00000   0.01318   0.01052   0.00000   0.01052   0.02382   0.02105   0.00791   0.00000   0.00788   0.00000   2.45786   2.47723   2.93288   0.04169  11.83372  
 98  0.0015   2370.155507  x:  0.13198   0.00000   0.01321   0.00522   0.00525   0.00000   0.00000   0.00524   0.00000   0.00000   0.01049   0.00000   0.00000   0.00000   0.00000   0.00000   0.00000   0.00262   0.00262   0.00524   0.00000   0.00000   0.00000   0.00524   0.00524   0.00000   0.00000   0.00000   0.02108   0.00000   0.00000   0.00000   0.00260   0.00790   0.00000   0.00524   0.00000   0.00000   0.01318   0.01052   0.00000   0.01052   0.02382   0.02105   0.00791   0.00000   0.00788   0.00000   2.45786   2.47723   2.93288   0.04169  11.83372  