

TREE # 1

  0  0.0000   3211.091373  x:  0.01922   0.02810   0.02780   0.03606   0.05939   0.09605   0.10180   0.05962   0.10962   0.06644   0.01773   0.10072   0.01877   0.05341   0.03648   0.07859   0.07678   0.01711   0.05070   0.09833   0.10567   0.01407   0.09331   0.03228   0.01174   0.07487   0.10647   0.06851   0.06622   0.08241   0.02568   0.03736   0.05652   0.09937   0.10871   0.10185   0.02523   0.06820   0.01402   0.07311   0.08913   0.08212   0.10841   0.08658   0.10543   0.10053   0.05854   0.04997   2.00000   0.56895   0.33648  
  1 99.0000   3040.686335  x:  0.03552   0.01526   0.02159   0.02465   0.04701   0.08214   0.08791   0.04714   0.09575   0.05261   0.01345   0.08682   0.00482   0.03940   0.02244   0.06463   0.06283   0.00572   0.03761   0.08546   0.09176   0.00000   0.07943   0.02119   0.00437   0.06105   0.09267   0.05456   0.05784   0.06847   0.01166   0.02335   0.04360   0.08701   0.09483   0.08885   0.01119   0.05425   0.01556   0.06174   0.07526   0.07046   0.09845   0.07689   0.09299   0.08667   0.04691   0.06627   1.99971   0.56616   0.31674  
  2 1945.7455   2989.015279  x:  0.03584   0.01090   0.02063   0.02130   0.04293   0.07732   0.08310   0.04301   0.09095   0.04783   0.01362   0.08200   0.00000   0.03454   0.01757   0.05979   0.05800   0.00454   0.03325   0.08108   0.08694   0.00000   0.07463   0.01819   0.00664   0.05635   0.08794   0.04972   0.05534   0.06363   0.00680   0.01850   0.03922   0.08281   0.09003   0.08442   0.00633   0.04941   0.01532   0.05803   0.07046   0.06660   0.09517   0.07379   0.08874   0.08187   0.04317   0.06659   1.99966   0.56597   0.31288  
  3 16984.1771   2924.214903  x:  0.03608   0.00527   0.01956   0.01712   0.03768   0.07106   0.07685   0.03771   0.08471   0.04162   0.01383   0.07573   0.00000   0.02823   0.01124   0.05350   0.05172   0.00367   0.02763   0.07539   0.08068   0.00000   0.06838   0.01449   0.00831   0.05021   0.08178   0.04342   0.05216   0.05735   0.00048   0.01219   0.03355   0.07736   0.08377   0.07866   0.00000   0.04313   0.01505   0.05326   0.06421   0.06163   0.09095   0.06982   0.08323   0.07563   0.03838   0.06683   1.99960   0.56585   0.30851  
  4 889699.1458   2919.348419  x:  0.03600   0.00482   0.01946   0.01672   0.03726   0.07059   0.07638   0.03729   0.08423   0.04115   0.01391   0.07525   0.00000   0.02775   0.01076   0.05302   0.05124   0.00353   0.02718   0.07496   0.08020   0.00000   0.06791   0.01411   0.00835   0.04974   0.08131   0.04295   0.05190   0.05687   0.00000   0.01171   0.03311   0.07694   0.08330   0.07822   0.00000   0.04265   0.01501   0.05288   0.06374   0.06124   0.09063   0.06950   0.08280   0.07516   0.03799   0.06675   1.99959   0.56583   0.30807  
  5 208352.4731   2870.577723  x:  0.03548   0.00000   0.01810   0.01192   0.03269   0.06579   0.07159   0.03269   0.07945   0.03641   0.01437   0.07042   0.00000   0.02292   0.00592   0.04821   0.04645   0.00603   0.02234   0.07050   0.07541   0.00000   0.06312   0.00960   0.00910   0.04505   0.07659   0.03814   0.04895   0.05207   0.00000   0.00688   0.02841   0.07261   0.07852   0.07369   0.00000   0.03784   0.01474   0.04877   0.05895   0.05708   0.08716   0.06606   0.07843   0.07037   0.03365   0.06623   1.99947   0.56540   0.30102  
  6 56840.1011   2813.331615  x:  0.03230   0.00000   0.02030   0.01092   0.02668   0.05994   0.06574   0.02658   0.07361   0.03064   0.01251   0.06437   0.00000   0.01701   0.00000   0.04233   0.04061   0.00612   0.01604   0.06489   0.06955   0.00000   0.05722   0.01392   0.00832   0.03931   0.07083   0.03229   0.04521   0.04625   0.00000   0.00101   0.02232   0.06711   0.07273   0.06794   0.00000   0.03197   0.01572   0.04335   0.05312   0.05160   0.08271   0.06160   0.07287   0.06454   0.02790   0.06305   1.99915   0.56459   0.28567  
  7 9238.0006   2805.064444  x:  0.03208   0.00000   0.02013   0.01247   0.02616   0.05894   0.06475   0.02601   0.07262   0.02967   0.01354   0.06331   0.00000   0.01601   0.00000   0.04133   0.03962   0.00624   0.01567   0.06400   0.06855   0.00000   0.05620   0.01380   0.00820   0.03832   0.06984   0.03129   0.04513   0.04527   0.00000   0.00000   0.02159   0.06624   0.07175   0.06700   0.00000   0.03097   0.01516   0.04276   0.05212   0.05089   0.08213   0.06113   0.07200   0.06355   0.02760   0.06283   1.99908   0.56461   0.28315  
  8 5149.7812   2696.092876  x:  0.02597   0.00000   0.01580   0.01955   0.02602   0.04316   0.04913   0.02537   0.05701   0.01402   0.00560   0.04577   0.00000   0.00000   0.00000   0.02542   0.02399   0.00522   0.02047   0.05099   0.05271   0.00000   0.03990   0.00575   0.00816   0.02261   0.05393   0.01540   0.05086   0.02985   0.00000   0.00000   0.01619   0.05428   0.05641   0.05330   0.00000   0.01514   0.01770   0.03935   0.03638   0.04395   0.07614   0.05896   0.05970   0.04799   0.03278   0.05672   1.99787   0.56857   0.25263  
  9 4740.4478   2602.178499  x:  0.02271   0.00000   0.01374   0.01790   0.02661   0.02898   0.03510   0.02565   0.04299   0.00000   0.00747   0.02992   0.00000   0.00000   0.00000   0.01113   0.00995   0.00470   0.02526   0.03967   0.03849   0.00000   0.02523   0.00445   0.00839   0.00844   0.03959   0.00112   0.05561   0.01603   0.00000   0.00000   0.01253   0.04404   0.04264   0.04134   0.00000   0.00090   0.02095   0.03704   0.02223   0.03853   0.07130   0.05752   0.04908   0.03401   0.03763   0.05346   1.99676   0.57233   0.22690  
 10 31139.0047   2596.520184  x:  0.02251   0.00000   0.01361   0.01778   0.02664   0.02808   0.03421   0.02567   0.04210   0.00000   0.00757   0.02891   0.00000   0.00000   0.00000   0.01023   0.00906   0.00467   0.02556   0.03896   0.03759   0.00000   0.02430   0.00438   0.00840   0.00755   0.03868   0.00021   0.05591   0.01515   0.00000   0.00000   0.01230   0.04339   0.04177   0.04059   0.00000   0.00000   0.02112   0.03690   0.02134   0.03819   0.07099   0.05743   0.04841   0.03312   0.03793   0.05326   1.99669   0.57257   0.22528  
 11 10015836.4255   2595.184293  x:  0.02246   0.00000   0.01361   0.01775   0.02667   0.02787   0.03400   0.02569   0.04189   0.00000   0.00760   0.02868   0.00000   0.00000   0.00000   0.01002   0.00886   0.00466   0.02562   0.03871   0.03738   0.00000   0.02408   0.00435   0.00841   0.00734   0.03847   0.00000   0.05598   0.01495   0.00000   0.00000   0.01216   0.04318   0.04157   0.04035   0.00000   0.00000   0.02114   0.03687   0.02113   0.03808   0.07092   0.05742   0.04821   0.03292   0.03800   0.05321   1.99667   0.57264   0.22488  
 12 28256.4421   2551.005635  x:  0.02025   0.00000   0.00724   0.01637   0.02726   0.02045   0.02669   0.02607   0.03458   0.00000   0.00832   0.02030   0.00000   0.00000   0.00000   0.00255   0.00151   0.00438   0.02754   0.02916   0.02994   0.00000   0.01631   0.00566   0.00840   0.00000   0.03103   0.00000   0.05851   0.00775   0.00000   0.00000   0.00994   0.03538   0.03447   0.03143   0.00000   0.00000   0.02210   0.03554   0.01374   0.03415   0.06811   0.05693   0.04063   0.02557   0.04034   0.05100   1.99598   0.57539   0.21066  
 13 27518.2260   2542.612478  x:  0.01990   0.00000   0.00717   0.01630   0.02711   0.01895   0.02520   0.02585   0.03308   0.00000   0.00853   0.01860   0.00000   0.00000   0.00000   0.00103   0.00000   0.00431   0.02777   0.02733   0.02843   0.00000   0.01473   0.00535   0.00844   0.00000   0.02952   0.00000   0.05885   0.00628   0.00000   0.00000   0.01115   0.03392   0.03303   0.02968   0.00000   0.00000   0.02260   0.03514   0.01223   0.03351   0.06748   0.05664   0.03912   0.02406   0.04066   0.05065   1.99583   0.57594   0.20789  
 14 9356.8732   2537.914579  x:  0.01972   0.00000   0.00707   0.01624   0.02692   0.01792   0.02420   0.02562   0.03207   0.00000   0.00865   0.01748   0.00000   0.00000   0.00000   0.00000   0.00000   0.00427   0.02805   0.02707   0.02740   0.00000   0.01367   0.00523   0.00845   0.00000   0.02853   0.00000   0.05917   0.00528   0.00000   0.00000   0.01097   0.03360   0.03207   0.02918   0.00000   0.00000   0.02288   0.03490   0.01121   0.03344   0.06710   0.05636   0.03855   0.02305   0.04098   0.05047   1.99575   0.57629   0.20639  
 15 4619.8036   2515.322497  x:  0.01877   0.00000   0.00668   0.01579   0.02632   0.01253   0.01888   0.02490   0.02675   0.00000   0.00923   0.01161   0.00000   0.00000   0.00000   0.00000   0.00000   0.00410   0.02966   0.02547   0.02201   0.00000   0.00810   0.00468   0.00848   0.00000   0.02336   0.00000   0.06095   0.00000   0.00000   0.00000   0.01022   0.03170   0.02699   0.02669   0.00000   0.00000   0.02398   0.03383   0.00584   0.03255   0.06517   0.05516   0.03571   0.01770   0.04282   0.04952   1.99535   0.57808   0.19843  
 16 206828.2397   2492.861320  x:  0.01786   0.00000   0.00619   0.01555   0.02559   0.00667   0.01308   0.02403   0.02094   0.00000   0.00982   0.00523   0.00000   0.00000   0.00000   0.00000   0.00000   0.00390   0.03089   0.02343   0.01614   0.00000   0.00206   0.00402   0.00857   0.00000   0.01775   0.00000   0.06217   0.00000   0.00000   0.00000   0.00937   0.02981   0.02144   0.02440   0.00000   0.00000   0.02546   0.03290   0.00000   0.03223   0.06355   0.05420   0.03323   0.01191   0.04413   0.04861   1.99494   0.58012   0.19076  
 17 25708.2038   2485.897494  x:  0.01756   0.00000   0.00609   0.01535   0.02529   0.00466   0.01110   0.02365   0.01896   0.00000   0.01000   0.00307   0.00000   0.00000   0.00000   0.00000   0.00000   0.00385   0.03154   0.02301   0.01413   0.00000   0.00000   0.00388   0.00858   0.00000   0.01582   0.00000   0.06299   0.00000   0.00000   0.00000   0.00916   0.02920   0.01954   0.02352   0.00000   0.00000   0.02574   0.03241   0.00000   0.03196   0.06282   0.05364   0.03222   0.00993   0.04493   0.04831   1.99480   0.58085   0.18808  
 18 31529.9649   2477.463224  x:  0.01716   0.00000   0.00590   0.01524   0.02503   0.00181   0.00827   0.02352   0.01612   0.00000   0.01026   0.00000   0.00000   0.00000   0.00000   0.00000   0.00000   0.00378   0.03213   0.02216   0.01128   0.00000   0.00000   0.00362   0.00861   0.00000   0.01306   0.00000   0.06346   0.00000   0.00000   0.00000   0.00887   0.02852   0.01682   0.02306   0.00000   0.00000   0.02634   0.03229   0.00000   0.03145   0.06203   0.05327   0.03147   0.00713   0.04556   0.04791   1.99463   0.58185   0.18469  
 19 11676.7773   2472.723481  x:  0.01695   0.00000   0.00582   0.01514   0.02495   0.00000   0.00647   0.02325   0.01432   0.00000   0.01039   0.00000   0.00000   0.00000   0.00000   0.00000   0.00000   0.00374   0.03257   0.02173   0.00946   0.00000   0.00000   0.00351   0.00862   0.00000   0.01131   0.00000   0.06387   0.00000   0.00000   0.00000   0.00870   0.02801   0.01508   0.02225   0.00000   0.00000   0.02658   0.03190   0.00000   0.03173   0.06177   0.05315   0.03090   0.00535   0.04597   0.04770   1.99452   0.58250   0.18274  
 20 10270.5752   2459.794078  x:  0.01648   0.00000   0.00555   0.01490   0.02396   0.00000   0.00101   0.02240   0.00886   0.00000   0.01074   0.00000   0.00000   0.00000   0.00000   0.00000   0.00000   0.00362   0.03361   0.02082   0.00400   0.00000   0.00000   0.00315   0.00873   0.00000   0.00599   0.00000   0.06519   0.00000   0.00000   0.00000   0.00822   0.02697   0.00982   0.02124   0.00000   0.00000   0.02739   0.03124   0.00000   0.03017   0.06040   0.05187   0.02883   0.00000   0.04713   0.04723   1.99424   0.58458   0.17804  
 21 8740.1874   2457.915486  x:  0.01638   0.00000   0.00552   0.01485   0.02390   0.00000   0.00000   0.02241   0.00785   0.00000   0.01080   0.00000   0.00000   0.00000   0.00000   0.00000   0.00000   0.00360   0.03377   0.02052   0.00299   0.00000   0.00000   0.00311   0.00873   0.00000   0.00500   0.00000   0.06538   0.00000   0.00000   0.00000   0.00815   0.02675   0.00884   0.02109   0.00000   0.00000   0.02749   0.03118   0.00000   0.03023   0.06000   0.05168   0.02874   0.00000   0.04737   0.04713   1.99420   0.58487   0.17721  
 22 5247.6911   2453.462388  x:  0.01616   0.00000   0.00542   0.01476   0.02390   0.00000   0.00000   0.02211   0.00486   0.00000   0.01094   0.00000   0.00000   0.00000   0.00000   0.00000   0.00000   0.00356   0.03411   0.02036   0.00000   0.00000   0.00000   0.00297   0.00876   0.00000   0.00207   0.00000   0.06564   0.00000   0.00000   0.00000   0.00797   0.02633   0.00593   0.02035   0.00000   0.00000   0.02780   0.03089   0.00000   0.02991   0.05975   0.05179   0.02814   0.00000   0.04781   0.04691   1.99409   0.58566   0.17515  
 23 7270.9050   2450.873475  x:  0.01608   0.00000   0.00538   0.01469   0.02352   0.00000   0.00000   0.02187   0.00276   0.00000   0.01101   0.00000   0.00000   0.00000   0.00000   0.00000   0.00000   0.00354   0.03443   0.01971   0.00000   0.00000   0.00000   0.00292   0.00880   0.00000   0.00000   0.00000   0.06600   0.00000   0.00000   0.00000   0.00783   0.02601   0.00387   0.02035   0.00000   0.00000   0.02792   0.03067   0.00000   0.02995   0.05970   0.05143   0.02759   0.00000   0.04808   0.04683   1.99404   0.58623   0.17419  
 24 3094.6931   2448.337274  x:  0.01603   0.00000   0.00532   0.01467   0.02334   0.00000   0.00000   0.02188   0.00000   0.00000   0.01107   0.00000   0.00000   0.00000   0.00000   0.00000   0.00000   0.00351   0.03452   0.01957   0.00000   0.00000   0.00000   0.00284   0.00885   0.00000   0.00000   0.00000   0.06617   0.00000   0.00000   0.00000   0.00769   0.02555   0.00111   0.01967   0.00000   0.00000   0.02809   0.03056   0.00000   0.02978   0.05881   0.05088   0.02754   0.00000   0.04819   0.04678   1.99398   0.58688   0.17343  
 25 2844.5838   2447.783882  x:  0.01602   0.00000   0.00531   0.01465   0.02346   0.00000   0.00000   0.02172   0.00000   0.00000   0.01108   0.00000   0.00000   0.00000   0.00000   0.00000   0.00000   0.00350   0.03446   0.01945   0.00000   0.00000   0.00000   0.00283   0.00886   0.00000   0.00000   0.00000   0.06616   0.00000   0.00000   0.00000   0.00766   0.02553   0.00000   0.01970   0.00000   0.00000   0.02811   0.03041   0.00000   0.02976   0.05848   0.05102   0.02735   0.00000   0.04828   0.04677   1.99398   0.58699   0.17331  
 26 883.5782   2424.157664  x:  0.02391   0.00000   0.00501   0.01692   0.00000   0.00000   0.00000   0.01339   0.00000   0.00000   0.00793   0.00000   0.00000   0.00000   0.00000   0.00000   0.00000   0.00273   0.01338   0.00778   0.00000   0.00000   0.00000   0.00223   0.01081   0.00000   0.00000   0.00000   0.04678   0.00000   0.00000   0.00000   0.00039   0.00434   0.00000   0.00527   0.00000   0.00000   0.02514   0.02251   0.00000   0.02354   0.05318   0.05533   0.02598   0.00000   0.04918   0.05466   1.99634   0.58923   0.22496  
 27 173.4940   2423.443241  x:  0.02415   0.00000   0.00500   0.01701   0.00003   0.00000   0.00000   0.01298   0.00000   0.00000   0.00783   0.00000   0.00000   0.00000   0.00000   0.00000   0.00000   0.00271   0.01264   0.00742   0.00000   0.00000   0.00000   0.00221   0.01087   0.00000   0.00000   0.00000   0.04615   0.00000   0.00000   0.00000   0.00016   0.00368   0.00000   0.00489   0.00000   0.00000   0.02507   0.02226   0.00000   0.02333   0.05323   0.05491   0.02592   0.00000   0.04904   0.05490   1.99641   0.58928   0.22663  
 28 2883.0980   2417.315787  x:  0.02637   0.00000   0.00475   0.01775   0.00005   0.00000   0.00000   0.01365   0.00000   0.00000   0.00693   0.00000   0.00000   0.00000   0.00000   0.00000   0.00000   0.00250   0.00268   0.00483   0.00000   0.00000   0.00000   0.00201   0.01130   0.00000   0.00000   0.00000   0.04459   0.00000   0.00000   0.00000   0.00012   0.00753   0.00000   0.00130   0.00000   0.00000   0.02419   0.01933   0.00000   0.02357   0.05113   0.05060   0.02304   0.00000   0.04493   0.05712   1.99715   0.59202   0.24061  
 29 433.2744   2415.904884  x:  0.02690   0.00000   0.00469   0.01794   0.00006   0.00000   0.00000   0.01383   0.00000   0.00000   0.00671   0.00000   0.00000   0.00000   0.00000   0.00000   0.00000   0.00244   0.00077   0.00520   0.00000   0.00000   0.00000   0.00197   0.01140   0.00000   0.00000   0.00000   0.04411   0.00000   0.00000   0.00000   0.00022   0.00664   0.00000   0.00149   0.00000   0.00000   0.02399   0.01826   0.00000   0.02386   0.05054   0.04973   0.02236   0.00000   0.04350   0.05765   1.99733   0.59271   0.24405  
 30 1541.2266   2402.013929  x:  0.03257   0.00000   0.00426   0.02029   0.00016   0.00000   0.00000   0.01321   0.00000   0.00000   0.00426   0.00000   0.00000   0.00000   0.00000   0.00000   0.00000   0.00184   0.00316   0.00614   0.00000   0.00000   0.00000   0.00180   0.01218   0.00000   0.00000   0.00000   0.02997   0.00000   0.00000   0.00000   0.00091   0.00288   0.00000   0.00040   0.00000   0.00000   0.02130   0.00571   0.00000   0.02492   0.04111   0.03824   0.01485   0.00000   0.01734   0.06332   1.99950   0.59993   0.28335  
 31 1556.0601   2399.492083  x:  0.03403   0.00000   0.00420   0.02100   0.00016   0.00000   0.00000   0.01345   0.00000   0.00000   0.00364   0.00000   0.00000   0.00000   0.00000   0.00000   0.00000   0.00172   0.00325   0.00644   0.00000   0.00000   0.00000   0.00175   0.01242   0.00000   0.00000   0.00000   0.02700   0.00000   0.00000   0.00000   0.00086   0.00394   0.00000   0.00105   0.00000   0.00000   0.02075   0.00305   0.00000   0.02531   0.03809   0.03603   0.01358   0.00000   0.01007   0.06478   2.00009   0.60082   0.29400  
 32 769.0936   2397.103015  x:  0.03521   0.00000   0.00419   0.02148   0.00016   0.00000   0.00000   0.01143   0.00000   0.00000   0.00310   0.00000   0.00000   0.00000   0.00000   0.00000   0.00000   0.00163   0.00336   0.00710   0.00000   0.00000   0.00000   0.00177   0.01258   0.00000   0.00000   0.00000   0.02462   0.00000   0.00000   0.00000   0.00087   0.00420   0.00000   0.00117   0.00000   0.00000   0.02008   0.00549   0.00000   0.02632   0.03463   0.03436   0.01106   0.00000   0.00424   0.06596   2.00060   0.60174   0.30246  
 33 1645.9118   2394.516193  x:  0.03642   0.00000   0.00429   0.02188   0.00017   0.00000   0.00000   0.00590   0.00000   0.00000   0.00249   0.00000   0.00000   0.00000   0.00000   0.00000   0.00000   0.00155   0.00363   0.00699   0.00000   0.00000   0.00000   0.00194   0.01263   0.00000   0.00000   0.00000   0.01497   0.00000   0.00000   0.00000   0.00094   0.00467   0.00000   0.00138   0.00000   0.00000   0.01901   0.00682   0.00000   0.02566   0.03135   0.03029   0.01136   0.00000   0.00792   0.06717   2.00128   0.60281   0.31204  
 34 344.2106   2393.704576  x:  0.03664   0.00000   0.00438   0.02148   0.00018   0.00000   0.00000   0.00296   0.00000   0.00000   0.00241   0.00000   0.00000   0.00000   0.00000   0.00000   0.00000   0.00152   0.00372   0.00597   0.00000   0.00000   0.00000   0.00205   0.01258   0.00000   0.00000   0.00000   0.01752   0.00000   0.00000   0.00000   0.00099   0.00459   0.00000   0.00140   0.00000   0.00000   0.01837   0.00677   0.00000   0.02351   0.03035   0.02933   0.01349   0.00000   0.00765   0.06739   2.00161   0.60234   0.31339  
 35 61.7137   2389.008597  x:  0.03686   0.00000   0.00512   0.01922   0.00019   0.00000   0.00000   0.00496   0.00000   0.00000   0.00206   0.00000   0.00000   0.00000   0.00000   0.00000   0.00000   0.00144   0.00389   0.00377   0.00000   0.00000   0.00000   0.00282   0.01184   0.00000   0.00000   0.00000   0.02349   0.00000   0.00000   0.00000   0.00106   0.00420   0.00000   0.00159   0.00000   0.00000   0.01454   0.00742   0.00000   0.01329   0.02181   0.01929   0.00601   0.00000   0.00969   0.06761   2.00372   0.59885   0.31621  
 36 142.6499   2388.691431  x:  0.03703   0.00000   0.00532   0.01877   0.00020   0.00000   0.00000   0.00538   0.00000   0.00000   0.00196   0.00000   0.00000   0.00000   0.00000   0.00000   0.00000   0.00146   0.00398   0.00309   0.00000   0.00000   0.00000   0.00301   0.01192   0.00000   0.00000   0.00000   0.02323   0.00000   0.00000   0.00000   0.00111   0.00421   0.00000   0.00160   0.00000   0.00000   0.01368   0.00746   0.00000   0.01103   0.02045   0.02194   0.00771   0.00000   0.00954   0.06778   2.00456   0.60074   0.31616  
 37 13.2317   2388.152908  x:  0.03707   0.00000   0.00565   0.01756   0.00020   0.00000   0.00000   0.00523   0.00000   0.00000   0.00197   0.00000   0.00000   0.00000   0.00000   0.00000   0.00000   0.00140   0.00391   0.00553   0.00000   0.00000   0.00000   0.00323   0.01209   0.00000   0.00000   0.00000   0.02352   0.00000   0.00000   0.00000   0.00108   0.00479   0.00000   0.00151   0.00000   0.00000   0.01226   0.00730   0.00000   0.00876   0.01875   0.02373   0.00739   0.00000   0.00957   0.06782   2.00741   0.60453   0.31429  
 38 10.4710   2386.889439  x:  0.03592   0.00000   0.00559   0.01437   0.00023   0.00000   0.00000   0.00496   0.00000   0.00000   0.00276   0.00000   0.00000   0.00000   0.00000   0.00000   0.00000   0.00095   0.00418   0.00483   0.00000   0.00000   0.00000   0.00271   0.01186   0.00000   0.00000   0.00000   0.02212   0.00000   0.00000   0.00000   0.00118   0.00512   0.00000   0.00155   0.00000   0.00000   0.01070   0.00741   0.00000   0.00539   0.02272   0.02136   0.00726   0.00000   0.00927   0.06667   2.01549   0.61805   0.30043  
 39 16.5589   2384.160506  x:  0.03442   0.00000   0.00659   0.00740   0.00029   0.00000   0.00000   0.00525   0.00000   0.00000   0.00407   0.00000   0.00000   0.00000   0.00000   0.00000   0.00000   0.00060   0.00481   0.00462   0.00000   0.00000   0.00000   0.00290   0.01098   0.00000   0.00000   0.00000   0.02228   0.00000   0.00000   0.00000   0.00142   0.00629   0.00000   0.00161   0.00000   0.00000   0.00649   0.00777   0.00000   0.00976   0.01934   0.01984   0.00872   0.00000   0.00945   0.06517   2.03891   0.63252   0.28118  
 40 14.0376   2380.660002  x:  0.03470   0.00000   0.00847   0.00404   0.00040   0.00000   0.00000   0.00511   0.00000   0.00000   0.00646   0.00000   0.00000   0.00000   0.00000   0.00000   0.00000   0.00180   0.00617   0.00377   0.00000   0.00000   0.00000   0.00447   0.01074   0.00000   0.00000   0.00000   0.02245   0.00000   0.00000   0.00000   0.00191   0.00861   0.00000   0.00177   0.00000   0.00000   0.01375   0.00861   0.00000   0.01085   0.01527   0.02361   0.00718   0.00000   0.01010   0.06545   2.07917   0.62749   0.27353  
 41 12.8951   2380.499797  x:  0.03464   0.00000   0.00863   0.00380   0.00041   0.00000   0.00000   0.00500   0.00000   0.00000   0.00638   0.00000   0.00000   0.00000   0.00000   0.00000   0.00000   0.00190   0.00628   0.00354   0.00000   0.00000   0.00000   0.00456   0.01039   0.00000   0.00000   0.00000   0.02263   0.00000   0.00000   0.00000   0.00195   0.00873   0.00000   0.00180   0.00000   0.00000   0.01298   0.00868   0.00000   0.01096   0.01686   0.02603   0.00596   0.00000   0.01026   0.06539   2.08342   0.62085   0.27611  
 42  3.6016   2379.516351  x:  0.03304   0.00000   0.00853   0.00524   0.00047   0.00000   0.00000   0.00555   0.00000   0.00000   0.00647   0.00000   0.00000   0.00000   0.00000   0.00000   0.00000   0.00255   0.00718   0.00394   0.00000   0.00000   0.00000   0.00337   0.00666   0.00000   0.00000   0.00000   0.02545   0.00000   0.00000   0.00000   0.00225   0.00988   0.00000   0.00200   0.00000   0.00000   0.01237   0.00975   0.00000   0.01119   0.01803   0.02524   0.00729   0.00000   0.01156   0.06380   2.13293   0.54619   0.30452  
 43  4.2091   2379.009897  x:  0.03688   0.00000   0.00898   0.00557   0.00050   0.00000   0.00000   0.00612   0.00000   0.00000   0.00636   0.00000   0.00000   0.00000   0.00000   0.00000   0.00000   0.00281   0.00761   0.00444   0.00000   0.00000   0.00000   0.00355   0.00753   0.00000   0.00000   0.00000   0.02741   0.00000   0.00000   0.00000   0.00238   0.01033   0.00000   0.00214   0.00000   0.00000   0.01252   0.01038   0.00000   0.01155   0.02132   0.02419   0.00849   0.00000   0.01229   0.06764   2.17785   0.60509   0.29726  
 44  4.0037   2377.960486  x:  0.03947   0.00000   0.01012   0.00488   0.00045   0.00000   0.00000   0.00568   0.00000   0.00000   0.00652   0.00000   0.00000   0.00000   0.00000   0.00000   0.00000   0.00304   0.00689   0.00453   0.00000   0.00000   0.00000   0.00393   0.00354   0.00000   0.00000   0.00000   0.02454   0.00000   0.00000   0.00000   0.00216   0.00914   0.00000   0.00204   0.00000   0.00000   0.01208   0.00960   0.00000   0.01132   0.02163   0.02261   0.00866   0.00000   0.01095   0.07026   2.28963   0.61410   0.31783  
 45  2.4659   2376.856536  x:  0.04376   0.00000   0.01329   0.00566   0.00040   0.00000   0.00000   0.00519   0.00000   0.00000   0.00720   0.00000   0.00000   0.00000   0.00000   0.00000   0.00000   0.00294   0.00613   0.00463   0.00000   0.00000   0.00000   0.00401   0.00611   0.00000   0.00000   0.00000   0.02140   0.00000   0.00000   0.00000   0.00193   0.00755   0.00000   0.00203   0.00000   0.00000   0.01243   0.00899   0.00000   0.01143   0.02198   0.02172   0.00869   0.00000   0.00967   0.07458   2.43813   0.51018   0.34804  
 46  4.9538   2376.668466  x:  0.04491   0.00000   0.01259   0.00601   0.00042   0.00000   0.00000   0.00539   0.00000   0.00000   0.00749   0.00000   0.00000   0.00000   0.00000   0.00000   0.00000   0.00223   0.00630   0.00480   0.00000   0.00000   0.00000   0.00503   0.00574   0.00000   0.00000   0.00000   0.02202   0.00000   0.00000   0.00000   0.00200   0.00767   0.00000   0.00212   0.00000   0.00000   0.01401   0.00930   0.00000   0.01165   0.02229   0.02284   0.00866   0.00000   0.00992   0.07573   2.41447   0.48677   0.35470  
 47  0.3715   2376.513355  x:  0.04507   0.00000   0.01151   0.00506   0.00043   0.00000   0.00000   0.00547   0.00000   0.00000   0.00771   0.00000   0.00000   0.00000   0.00000   0.00000   0.00000   0.00270   0.00629   0.00504   0.00000   0.00000   0.00000   0.00583   0.00591   0.00000   0.00000   0.00000   0.02172   0.00000   0.00000   0.00000   0.00204   0.00757   0.00000   0.00219   0.00000   0.00000   0.01299   0.00939   0.00000   0.01144   0.02304   0.02147   0.00924   0.00000   0.00965   0.07589   2.36901   0.45953   0.34747  
 48  0.6730   2376.330885  x:  0.04383   0.00000   0.01204   0.00671   0.00045   0.00000   0.00000   0.00524   0.00000   0.00000   0.00817   0.00000   0.00000   0.00000   0.00000   0.00000   0.00000   0.00311   0.00631   0.00499   0.00000   0.00000   0.00000   0.00666   0.00566   0.00000   0.00000   0.00000   0.02023   0.00000   0.00000   0.00000   0.00213   0.00760   0.00000   0.00227   0.00000   0.00000   0.01250   0.00942   0.00000   0.01148   0.02367   0.02091   0.00883   0.00000   0.00885   0.07466   2.32048   0.46777   0.32663  
 49  0.3086   2375.516064  x:  0.04388   0.00000   0.01539   0.00479   0.00058   0.00000   0.00000   0.00520   0.00000   0.00000   0.00922   0.00000   0.00000   0.00000   0.00000   0.00000   0.00000   0.00281   0.00696   0.00578   0.00000   0.00000   0.00000   0.00575   0.00464   0.00000   0.00000   0.00000   0.01988   0.00000   0.00000   0.00000   0.00274   0.00731   0.00000   0.00316   0.00000   0.00000   0.01480   0.01145   0.00000   0.01101   0.02553   0.01904   0.00816   0.00000   0.00788   0.07470   2.29085   0.45186   0.30076  
 50  0.0721   2375.178801  x:  0.04621   0.00000   0.01420   0.00518   0.00064   0.00000   0.00000   0.00508   0.00000   0.00000   0.01013   0.00000   0.00000   0.00000   0.00000   0.00000   0.00000   0.00321   0.00711   0.00575   0.00000   0.00000   0.00000   0.00584   0.00455   0.00000   0.00000   0.00000   0.02036   0.00000   0.00000   0.00000   0.00298   0.00711   0.00000   0.00361   0.00000   0.00000   0.01364   0.01248   0.00000   0.01057   0.02396   0.02053   0.00701   0.00000   0.00789   0.07701   2.50822   0.44393   0.28235  
 51  0.6704   2374.498517  x:  0.04692   0.00000   0.01352   0.00496   0.00078   0.00000   0.00000   0.00532   0.00000   0.00000   0.01157   0.00000   0.00000   0.00000   0.00000   0.00000   0.00000   0.00330   0.00576   0.00500   0.00000   0.00000   0.00000   0.00552   0.00594   0.00000   0.00000   0.00000   0.02211   0.00000   0.00000   0.00000   0.00337   0.00913   0.00000   0.00423   0.00000   0.00000   0.01278   0.01313   0.00000   0.00995   0.02346   0.02281   0.00723   0.00000   0.00678   0.07766   2.22249   0.43364   0.20200  
 52  0.1277   2374.190214  x:  0.04335   0.00000   0.01303   0.00461   0.00084   0.00000   0.00000   0.00542   0.00000   0.00000   0.01196   0.00000   0.00000   0.00000   0.00000   0.00000   0.00000   0.00298   0.00468   0.00485   0.00000   0.00000   0.00000   0.00598   0.00657   0.00000   0.00000   0.00000   0.02194   0.00000   0.00000   0.00000   0.00349   0.00995   0.00000   0.00443   0.00000   0.00000   0.01341   0.01288   0.00000   0.00984   0.02445   0.02211   0.00791   0.00000   0.00601   0.07407   2.40809   0.40005   0.13999  
 53  0.4207   2373.597159  x:  0.04406   0.00000   0.01268   0.00499   0.00090   0.00000   0.00000   0.00529   0.00000   0.00000   0.01299   0.00000   0.00000   0.00000   0.00000   0.00000   0.00000   0.00255   0.00210   0.00492   0.00000   0.00000   0.00000   0.00547   0.00615   0.00000   0.00000   0.00000   0.02176   0.00000   0.00000   0.00000   0.00350   0.00886   0.00000   0.00501   0.00000   0.00000   0.01353   0.01268   0.00000   0.00989   0.02382   0.02145   0.00832   0.00000   0.00716   0.07474   2.38037   0.35740   0.06932  
 54  0.0804   2373.406690  x:  0.04553   0.00000   0.01334   0.00538   0.00094   0.00000   0.00000   0.00521   0.00000   0.00000   0.01276   0.00000   0.00000   0.00000   0.00000   0.00000   0.00000   0.00258   0.00281   0.00538   0.00000   0.00000   0.00000   0.00500   0.00500   0.00000   0.00000   0.00000   0.02125   0.00000   0.00000   0.00000   0.00370   0.00803   0.00000   0.00519   0.00000   0.00000   0.01337   0.01255   0.00000   0.01037   0.02390   0.02067   0.00791   0.00000   0.00824   0.07620   2.38716   0.35453   0.07288  
 55  0.0064   2373.196342  x:  0.04574   0.00000   0.01353   0.00533   0.00107   0.00000   0.00000   0.00522   0.00000   0.00000   0.01274   0.00000   0.00000   0.00000   0.00000   0.00000   0.00000   0.00246   0.00207   0.00556   0.00000   0.00000   0.00000   0.00495   0.00458   0.00000   0.00000   0.00000   0.02038   0.00000   0.00000   0.00000   0.00410   0.00799   0.00000   0.00562   0.00000   0.00000   0.01270   0.01131   0.00000   0.01069   0.02444   0.02069   0.00772   0.00000   0.00816   0.07638   2.38340   0.32167   0.00000  
 56  0.0391   2373.032716  x:  0.04549   0.00000   0.01327   0.00511   0.00124   0.00000   0.00000   0.00539   0.00000   0.00000   0.01194   0.00000   0.00000   0.00000   0.00000   0.00000   0.00000   0.00237   0.00259   0.00546   0.00000   0.00000   0.00000   0.00517   0.00521   0.00000   0.00000   0.00000   0.02077   0.00000   0.00000   0.00000   0.00465   0.00873   0.00000   0.00587   0.00000   0.00000   0.01221   0.00981   0.00000   0.01083   0.02481   0.02084   0.00767   0.00000   0.00809   0.07611   2.39711   0.29841   0.00000  
 57  0.0199   2372.969475  x:  0.04571   0.00000   0.01320   0.00511   0.00127   0.00000   0.00000   0.00536   0.00000   0.00000   0.01149   0.00000   0.00000   0.00000   0.00000   0.00000   0.00000   0.00237   0.00283   0.00535   0.00000   0.00000   0.00000   0.00511   0.00536   0.00000   0.00000   0.00000   0.02098   0.00000   0.00000   0.00000   0.00476   0.00857   0.00000   0.00589   0.00000   0.00000   0.01244   0.00947   0.00000   0.01070   0.02445   0.02106   0.00772   0.00000   0.00794   0.07633   2.38299   0.33262   0.00000  
 58  0.0496   2372.886006  x:  0.04626   0.00000   0.01301   0.00527   0.00142   0.00000   0.00000   0.00522   0.00000   0.00000   0.01122   0.00000   0.00000   0.00000   0.00000   0.00000   0.00000   0.00242   0.00266   0.00524   0.00000   0.00000   0.00000   0.00511   0.00529   0.00000   0.00000   0.00000   0.02149   0.00000   0.00000   0.00000   0.00523   0.00763   0.00000   0.00645   0.00000   0.00000   0.01317   0.00946   0.00000   0.01019   0.02347   0.02094   0.00801   0.00000   0.00787   0.07685   2.37872   0.32135   0.00000  
 59  0.0054   2372.824784  x:  0.04546   0.00000   0.01318   0.00531   0.00154   0.00000   0.00000   0.00514   0.00000   0.00000   0.01072   0.00000   0.00000   0.00000   0.00000   0.00000   0.00000   0.00276   0.00261   0.00510   0.00000   0.00000   0.00000   0.00528   0.00522   0.00000   0.00000   0.00000   0.02111   0.00000   0.00000   0.00000   0.00555   0.00840   0.00000   0.00669   0.00000   0.00000   0.01358   0.01026   0.00000   0.01022   0.02383   0.02091   0.00808   0.00000   0.00783   0.07605   2.39443   0.32525   0.00000  
 60  0.0056   2372.790657  x:  0.04571   0.00000   0.01333   0.00500   0.00160   0.00000   0.00000   0.00524   0.00000   0.00000   0.01003   0.00000   0.00000   0.00000   0.00000   0.00000   0.00000   0.00282   0.00250   0.00535   0.00000   0.00000   0.00000   0.00527   0.00518   0.00000   0.00000   0.00000   0.02070   0.00000   0.00000   0.00000   0.00564   0.00798   0.00000   0.00672   0.00000   0.00000   0.01329   0.01028   0.00000   0.01064   0.02387   0.02157   0.00796   0.00000   0.00792   0.07630   2.38012   0.32348   0.00000  
 61  0.0064   2372.756289  x:  0.04650   0.00000   0.01314   0.00528   0.00161   0.00000   0.00000   0.00536   0.00000   0.00000   0.00948   0.00000   0.00000   0.00000   0.00000   0.00000   0.00000   0.00273   0.00236   0.00527   0.00000   0.00000   0.00000   0.00535   0.00524   0.00000   0.00000   0.00000   0.02113   0.00000   0.00000   0.00000   0.00549   0.00808   0.00000   0.00645   0.00000   0.00000   0.01320   0.01045   0.00000   0.01095   0.02357   0.02064   0.00767   0.00000   0.00798   0.07711   2.37996   0.32271   0.00000  
 62  0.0009   2372.696390  x:  0.04592   0.00000   0.01317   0.00538   0.00152   0.00000   0.00000   0.00526   0.00000   0.00000   0.00931   0.00000   0.00000   0.00000   0.00000   0.00000   0.00000   0.00248   0.00251   0.00527   0.00000   0.00000   0.00000   0.00543   0.00536   0.00000   0.00000   0.00000   0.02134   0.00000   0.00000   0.00000   0.00492   0.00799   0.00000   0.00565   0.00000   0.00000   0.01327   0.01118   0.00000   0.01090   0.02353   0.02145   0.00789   0.00000   0.00758   0.07657   2.38030   0.32083   0.00000  
 63  0.0007   2372.515841  x:  0.04555   0.00000   0.01342   0.00490   0.00189   0.00000   0.00000   0.00459   0.00000   0.00000   0.00878   0.00000   0.00000   0.00000   0.00000   0.00000   0.00000   0.00283   0.00260   0.00496   0.00000   0.00000   0.00000   0.00470   0.00483   0.00000   0.00000   0.00000   0.02048   0.00000   0.00000   0.00000   0.00485   0.00797   0.00000   0.00466   0.00000   0.00000   0.01273   0.01130   0.00000   0.00958   0.02345   0.02062   0.00865   0.00000   0.00746   0.07624   2.41401   0.30894   0.00000  
 64  0.0045   2372.222788  x:  0.04550   0.00000   0.01302   0.00596   0.00232   0.00000   0.00000   0.00551   0.00000   0.00000   0.01044   0.00000   0.00000   0.00000   0.00000   0.00000   0.00000   0.00267   0.00233   0.00542   0.00000   0.00000   0.00000   0.00539   0.00528   0.00000   0.00000   0.00000   0.02144   0.00000   0.00000   0.00000   0.00515   0.00758   0.00000   0.00444   0.00000   0.00000   0.01291   0.01028   0.00000   0.01013   0.02423   0.02128   0.00806   0.00000   0.00836   0.07620   2.35669   0.32226   0.00000  
 65  0.0178   2372.096270  x:  0.04640   0.00000   0.01303   0.00518   0.00279   0.00000   0.00000   0.00534   0.00000   0.00000   0.01072   0.00000   0.00000   0.00000   0.00000   0.00000   0.00000   0.00258   0.00246   0.00530   0.00000   0.00000   0.00000   0.00512   0.00529   0.00000   0.00000   0.00000   0.02089   0.00000   0.00000   0.00000   0.00522   0.00788   0.00000   0.00366   0.00000   0.00000   0.01347   0.01065   0.00000   0.01026   0.02400   0.02108   0.00772   0.00000   0.00799   0.07714   2.38563   0.32545   0.00000  
 66  0.0160   2372.054375  x:  0.04610   0.00000   0.01320   0.00497   0.00309   0.00000   0.00000   0.00523   0.00000   0.00000   0.01083   0.00000   0.00000   0.00000   0.00000   0.00000   0.00000   0.00278   0.00246   0.00527   0.00000   0.00000   0.00000   0.00517   0.00523   0.00000   0.00000   0.00000   0.02094   0.00000   0.00000   0.00000   0.00579   0.00769   0.00000   0.00420   0.00000   0.00000   0.01359   0.01070   0.00000   0.01041   0.02385   0.02113   0.00775   0.00000   0.00794   0.07682   2.38995   0.32335   0.00000  
 67  0.0035   2372.012656  x:  0.04534   0.00000   0.01330   0.00539   0.00343   0.00000   0.00000   0.00518   0.00000   0.00000   0.01071   0.00000   0.00000   0.00000   0.00000   0.00000   0.00000   0.00273   0.00248   0.00523   0.00000   0.00000   0.00000   0.00538   0.00522   0.00000   0.00000   0.00000   0.02143   0.00000   0.00000   0.00000   0.00578   0.00751   0.00000   0.00388   0.00000   0.00000   0.01299   0.01084   0.00000   0.01078   0.02377   0.02104   0.00801   0.00000   0.00789   0.07609   2.37868   0.31985   0.00000  
 68  0.0050   2371.919853  x:  0.04639   0.00000   0.01307   0.00517   0.00381   0.00000   0.00000   0.00523   0.00000   0.00000   0.01095   0.00000   0.00000   0.00000   0.00000   0.00000   0.00000   0.00206   0.00249   0.00507   0.00000   0.00000   0.00000   0.00507   0.00531   0.00000   0.00000   0.00000   0.02126   0.00000   0.00000   0.00000   0.00559   0.00817   0.00000   0.00411   0.00000   0.00000   0.01261   0.01089   0.00000   0.01108   0.02334   0.02063   0.00804   0.00000   0.00776   0.07716   2.38501   0.32777   0.00000  
 69  0.0022   2371.683755  x:  0.04551   0.00000   0.01330   0.00521   0.00418   0.00000   0.00000   0.00511   0.00000   0.00000   0.01094   0.00000   0.00000   0.00000   0.00000   0.00000   0.00000   0.00227   0.00262   0.00560   0.00000   0.00000   0.00000   0.00519   0.00511   0.00000   0.00000   0.00000   0.01966   0.00000   0.00000   0.00000   0.00413   0.00757   0.00000   0.00487   0.00000   0.00000   0.01111   0.01193   0.00000   0.00996   0.02391   0.02088   0.00851   0.00000   0.00750   0.07638   2.39102   0.33559   0.00000  
 70  0.0021   2371.450163  x:  0.04482   0.00000   0.01340   0.00536   0.00445   0.00000   0.00000   0.00531   0.00000   0.00000   0.01045   0.00000   0.00000   0.00000   0.00000   0.00000   0.00000   0.00207   0.00255   0.00569   0.00000   0.00000   0.00000   0.00520   0.00523   0.00000   0.00000   0.00000   0.02075   0.00000   0.00000   0.00000   0.00254   0.00772   0.00000   0.00529   0.00000   0.00000   0.01277   0.01175   0.00000   0.00984   0.02449   0.02079   0.00822   0.00000   0.00788   0.07581   2.38183   0.32511   0.00000  
 71  0.0070   2371.357645  x:  0.04567   0.00000   0.01310   0.00530   0.00482   0.00000   0.00000   0.00531   0.00000   0.00000   0.01033   0.00000   0.00000   0.00000   0.00000   0.00000   0.00000   0.00257   0.00261   0.00530   0.00000   0.00000   0.00000   0.00528   0.00528   0.00000   0.00000   0.00000   0.02139   0.00000   0.00000   0.00000   0.00283   0.00800   0.00000   0.00540   0.00000   0.00000   0.01336   0.01062   0.00000   0.01051   0.02410   0.02090   0.00776   0.00000   0.00790   0.07666   2.37722   0.32078   0.00000  
 72  0.0056   2371.344289  x:  0.04581   0.00000   0.01309   0.00522   0.00504   0.00000   0.00000   0.00524   0.00000   0.00000   0.01044   0.00000   0.00000   0.00000   0.00000   0.00000   0.00000   0.00263   0.00263   0.00523   0.00000   0.00000   0.00000   0.00523   0.00525   0.00000   0.00000   0.00000   0.02118   0.00000   0.00000   0.00000   0.00251   0.00792   0.00000   0.00534   0.00000   0.00000   0.01317   0.01049   0.00000   0.01054   0.02390   0.02102   0.00784   0.00000   0.00784   0.07683   2.38160   0.32267   0.00000  
 73  0.0050   2371.341408  x:  0.04565   0.00000   0.01320   0.00520   0.00517   0.00000   0.00000   0.00521   0.00000   0.00000   0.01052   0.00000   0.00000   0.00000   0.00000   0.00000   0.00000   0.00262   0.00263   0.00521   0.00000   0.00000   0.00000   0.00521   0.00523   0.00000   0.00000   0.00000   0.02106   0.00000   0.00000   0.00000   0.00262   0.00787   0.00000   0.00527   0.00000   0.00000   0.01315   0.01050   0.00000   0.01056   0.02379   0.02107   0.00794   0.00000   0.00786   0.07668   2.38441   0.32343   0.00000  
 74  0.0026   2371.340941  x:  0.04565   0.00000   0.01322   0.00523   0.00524   0.00000   0.00000   0.00524   0.00000   0.00000   0.01050   0.00000   0.00000   0.00000   0.00000   0.00000   0.00000   0.00262   0.00262   0.00524   0.00000   0.00000   0.00000   0.00525   0.00524   0.00000   0.00000   0.00000   0.02108   0.00000   0.00000   0.00000   0.00259   0.00790   0.00000   0.00524   0.00000   0.00000   0.01317   0.01053   0.00000   0.01054   0.02380   0.02104   0.00792   0.00000   0.00788   0.07668   2.38288   0.32300   0.00000  
 75  0.0010   2371.340904  x:  0.04568   0.00000   0.01320   0.00522   0.00525   0.00000   0.00000   0.00524   0.00000   0.00000   0.01049   0.00000   0.00000   0.00000   0.00000   0.00000   0.00000   0.00262   0.00262   0.00524   0.00000   0.00000   0.00000   0.00524   0.00524   0.00000   0.00000   0.00000   0.02108   0.00000   0.00000   0.00000   0.00260   0.00790   0.00000   0.00524   0.00000   0.00000   0.01318   0.01052   0.00000   0.01052   0.02380   0.02105   0.00791   0.00000   0.00788   0.07672   2.38295   0.32307   0.00000  
 76  0.0001   2371.340901  x:  0.04567   0.00000   0.01320   0.00522   0.00525   0.00000   0.00000   0.00524   0.00000   0.00000   0.01049   0.00000   0.00000   0.00000   0.00000   0.00000   0.00000   0.00262   0.00262   0.00524   0.00000   0.00000   0.00000   0.00524   0.00524   0.00000   0.00000   0.00000   0.02108   0.00000   0.00000   0.00000   0.00260   0.00790   0.00000   0.00524   0.00000   0.00000   0.01317   0.01052   0.00000   0.01052   0.02381   0.02105   0.00791   0.00000   0.00788   0.07671   2.38301   0.32305   0.00000  
 77  0.0000   2371.340901  x:  0.04567   0.00000   0.01320   0.00522   0.00525   0.00000   0.00000   0.00524   0.00000   0.00000   0.01049   0.00000   0.00000   0.00000   0.00000   0.00000   0.00000   0.00262   0.00262   0.00524   0.00000   0.00000   0.00000   0.00524   0.00524   0.00000   0.00000   0.00000   0.02108   0.00000   0.00000   0.00000   0.00260   0.00790   0.00000   0.00524   0.00000   0.00000   0.01317   0.01052   0.00000   0.01052   0.02381   0.02105   0.00791   0.00000   0.00788   0.07671   2.38300   0.32306   0.00000  
 78  0.0000   2371.340901  x:  0.04567   0.00000   0.01320   0.00522   0.00525   0.00000   0.00000   0.00524   0.00000   0.00000   0.01049   0.00000   0.00000   0.00000   0.00000   0.00000   0.00000   0.00262   0.00262   0.00524   0.00000   0.00000   0.00000   0.00524   0.00524   0.00000   0.00000   0.00000   0.02108   0.00000   0.00000   0.00000   0.00260   0.00790   0.00000   0.00524   0.00000   0.00000   0.01317   0.01052   0.00000   0.01052   0.02381   0.02105   0.00791   0.00000   0.00788   0.07671   2.38299   0.32306   0.00000  